3 0.5609375 0.509375 0.015625 0.08203125
2 0.7546875 0.48203125 0.053125 0.0484375
3 0.5140625 0.5140625 0.01875 0.1
3 0.39609375 0.5203125 0.03046875 0.15078125
1 0.42265625 0.58359375 0.01328125 0.07421875
3 0.50390625 0.5140625 0.01796875 0.09140625
1 0.51953125 0.56640625 0.01015625 0.06953125
2 0.68828125 0.42890625 0.03046875 0.025
2 0.946875 0.51328125 0.10625 0.09140625
2 0.91875 0.43984375 0.04765625 0.02578125
1 0.56171875 0.56328125 0.01015625 0.06328125
3 0.484375 0.49140625 0.01484375 0.0703125
2 0.628125 0.47578125 0.07265625 0.04453125
3 0.2828125 0.52109375 0.0265625 0.1453125
3 0.4140625 0.5140625 0.0203125 0.11875
3 0.5515625 0.5109375 0.01640625 0.0953125