3 0.71875 0.571875 0.01796875 0.1265625
3 0.509375 0.5109375 0.03125 0.13125
2 0.90546875 0.4890625 0.09609375 0.059375
1 0.55078125 0.59296875 0.01171875 0.09296875
2 0.80703125 0.49375 0.07890625 0.0453125
2 0.8796875 0.66171875 0.23984375 0.67578125
2 0.65859375 0.528125 0.11171875 0.1484375
2 0.5890625 0.50234375 0.14296875 0.13203125
3 0.63203125 0.57421875 0.02421875 0.1984375
3 0.7125 0.54375 0.0203125 0.16796875
2 0.40234375 0.50625 0.08984375 0.07578125
3 0.49140625 0.5109375 0.0234375 0.1515625
3 0.3734375 0.5 0.02109375 0.11328125