3 0.56640625 0.5234375 0.0140625 0.0640625
2 0.3140625 0.540625 0.06875 0.08125
2 0.2765625 0.54921875 0.04609375 0.06015625
2 0.4625 0.534375 0.03203125 0.03828125
2 0.3265625 0.57734375 0.09921875 0.10703125
2 0.11484375 0.5203125 0.2296875 0.621875
2 0.39453125 0.55546875 0.0625 0.06953125
3 0.70625 0.57734375 0.04765625 0.2046875
3 0.58671875 0.5296875 0.015625 0.0765625
0 0.9625 0.64296875 0.075 0.1796875
3 0.96640625 0.63203125 0.0671875 0.30703125
2 0.49140625 0.509375 0.05078125 0.11328125
2 0.4296875 0.53828125 0.04453125 0.06484375