1 0.85234375 0.79375 0.00859375 0.040625
3 0.5390625 0.73203125 0.01640625 0.09609375
3 0.4078125 0.75390625 0.015625 0.06875
3 0.43359375 0.7515625 0.01484375 0.07109375
1 0.5765625 0.76796875 0.0234375 0.06015625
1 0.528125 0.7625 0.01640625 0.04921875
3 0.75546875 0.77265625 0.0359375 0.18203125
3 0.71875 0.7671875 0.03046875 0.1859375
1 0.9359375 0.7890625 0.01015625 0.0390625
2 0.378125 0.7515625 0.02734375 0.04296875
1 0.89296875 0.79140625 0.00703125 0.03984375
1 0.50546875 0.76171875 0.01328125 0.04375
2 0.14375 0.82421875 0.22265625 0.28359375
1 0.6484375 0.78203125 0.0375 0.0796875