4 0.58203125 0.515625 0.02890625 0.121875
2 0.1203125 0.4734375 0.240625 0.65859375
3 0.4421875 0.50390625 0.02109375 0.1
3 0.35625 0.54921875 0.04609375 0.2734375
3 0.421875 0.58203125 0.04453125 0.26171875
2 0.928125 0.515625 0.13359375 0.096875
2 0.81875 0.490625 0.08515625 0.06953125
2 0.87265625 0.4796875 0.0828125 0.071875
3 0.48515625 0.46171875 0.009375 0.05546875
1 0.47578125 0.4953125 0.00390625 0.03359375
1 0.51015625 0.4953125 0.00390625 0.03125
3 0.46484375 0.471875 0.01328125 0.065625
2 0.6109375 0.45390625 0.0359375 0.0265625
2 0.58203125 0.45390625 0.04453125 0.0265625
2 0.328125 0.50234375 0.18515625 0.2046875
4 0.54921875 0.51640625 0.0265625 0.11640625
2 0.6703125 0.46171875 0.05078125 0.03125
2 0.7546875 0.4734375 0.0734375 0.06015625