2 0.47109375 0.446875 0.0796875 0.084375
1 0.77578125 0.57890625 0.01796875 0.115625
2 0.8953125 0.49296875 0.209375 0.2140625
1 0.884375 0.5765625 0.01875 0.115625
2 0.1828125 0.45625 0.08203125 0.07109375
3 0.81640625 0.42421875 0.01875 0.096875
1 0.67734375 0.478125 0.00859375 0.05703125
2 0.11484375 0.53359375 0.215625 0.23203125
2 0.2546875 0.44375 0.08203125 0.06953125
2 0.74140625 0.4359375 0.1296875 0.0859375
2 0.3203125 0.4421875 0.05703125 0.0515625
1 0.64765625 0.58828125 0.01953125 0.11796875
2 0.6203125 0.4515625 0.15 0.1015625