1 0.525 0.24765625 0.00859375 0.06796875
1 0.45234375 0.24453125 0.00859375 0.0703125
1 0.3734375 0.24140625 0.00859375 0.06875
3 0.26484375 0.20625 0.0203125 0.06875
1 0.20703125 0.65703125 0.05234375 0.43359375
2 0.09765625 0.17578125 0.1953125 0.21328125
1 0.678125 0.24609375 0.01015625 0.0703125
1 0.6 0.24921875 0.0078125 0.06875
1 0.215625 0.23359375 0.00703125 0.06796875
3 0.53515625 0.2015625 0.01015625 0.0484375
2 0.790625 0.23046875 0.23046875 0.15078125
3 0.60703125 0.19921875 0.00859375 0.03828125
1 0.59765625 0.66796875 0.0484375 0.421875
1 0.29375 0.2359375 0.00859375 0.0703125