1 0.30234375 0.4203125 0.0140625 0.071875
1 0.38125 0.41875 0.0125 0.08046875
2 0.04140625 0.47734375 0.0828125 0.2546875
3 0.371875 0.36015625 0.02734375 0.10546875
1 0.4046875 0.37421875 0.00703125 0.04609375
2 0.0640625 0.3671875 0.128125 0.1625
3 0.371875 0.36015625 0.02734375 0.10546875
1 0.35078125 0.478125 0.01953125 0.11875
3 0.52890625 0.3640625 0.02734375 0.10390625
3 0.4421875 0.33203125 0.0171875 0.065625
3 0.42578125 0.346875 0.01875 0.08828125
2 0.178125 0.378125 0.14296875 0.15546875
1 0.21171875 0.47890625 0.0203125 0.1140625
2 0.2390625 0.36953125 0.0765625 0.10625
1 0.35234375 0.37578125 0.00703125 0.04609375