1 0.3515625 0.48515625 0.0078125 0.05859375
1 0.453125 0.4265625 0.00546875 0.03828125
1 0.43125 0.440625 0.00546875 0.0390625
1 0.4203125 0.44921875 0.00546875 0.04375
1 0.40625 0.45625 0.00546875 0.046875
1 0.38984375 0.465625 0.00546875 0.05
1 0.5546875 0.44765625 0.009375 0.04921875
1 0.378125 0.4046875 0.01015625 0.034375
1 0.3625 0.4125 0.01171875 0.03359375
1 0.34453125 0.4203125 0.0125 0.034375
2 0.5359375 0.2953125 0.0265625 0.0359375
1 0.64140625 0.43125 0.015625 0.046875
1 0.315625 0.91953125 0.05859375 0.1609375
2 0.25625 0.47578125 0.15703125 0.13125
1 0.265625 0.51875 0.01015625 0.075
1 0.29921875 0.50625 0.00859375 0.06953125
1 0.1109375 0.5796875 0.01875 0.11171875
1 0.175 0.55390625 0.0140625 0.09609375
1 0.15 0.4859375 0.034375 0.059375
1 0.2265625 0.53359375 0.01171875 0.084375
1 0.32734375 0.4953125 0.00859375 0.06171875
1 0.371875 0.47578125 0.00703125 0.053125
1 0.4453125 0.6078125 0.02421875 0.13984375
1 0.37109375 0.82109375 0.04296875 0.32421875
1 0.41328125 0.678125 0.034375 0.18984375
1 0.4625 0.42265625 0.00546875 0.03515625
1 0.44296875 0.43359375 0.0046875 0.0390625
1 0.478125 0.4109375 0.003125 0.03125
1 0.47109375 0.415625 0.0046875 0.03203125
2 0.72890625 0.5046875 0.13984375 0.21328125
2 0.6109375 0.33203125 0.02890625 0.04453125
2 0.453125 0.3796875 0.04609375 0.07109375