3 0.459375 0.41328125 0.04296875 0.18125
2 0.48515625 0.35390625 0.03984375 0.059375
3 0.2015625 0.4109375 0.04296875 0.1515625
1 0.24609375 0.6421875 0.03046875 0.22109375
1 0.3203125 0.57421875 0.0265625 0.16484375
1 0.1078125 0.7703125 0.0515625 0.31640625
2 0.66953125 0.3890625 0.07734375 0.10859375
3 0.51015625 0.4421875 0.02265625 0.07890625
0 0.96015625 0.6203125 0.07890625 0.33515625
3 0.0390625 0.4171875 0.078125 0.19375
1 0.36484375 0.52890625 0.01640625 0.1234375
1 0.06953125 0.54765625 0.021875 0.15078125
3 0.56015625 0.34375 0.01328125 0.06328125
1 0.81640625 0.46640625 0.0265625 0.11328125
2 0.4484375 0.3921875 0.078125 0.10546875
2 0.5078125 0.32578125 0.02734375 0.03828125
1 0.2203125 0.5359375 0.02109375 0.1390625