2 0.8171875 0.18671875 0.234375 0.24453125
1 0.559375 0.24765625 0.00703125 0.05859375
1 0.59765625 0.24921875 0.00703125 0.05859375
1 0.44765625 0.24140625 0.00703125 0.05859375
1 0.346875 0.2328125 0.00703125 0.0546875
1 0.03203125 0.22109375 0.00703125 0.05078125
1 0.06875 0.21796875 0.00703125 0.0484375
1 0.0625 0.5609375 0.05234375 0.29921875
1 0.36484375 0.584375 0.03671875 0.30859375
0 0.52578125 0.22265625 0.02421875 0.05
1 0.32734375 0.2296875 0.00703125 0.05078125
1 0.5046875 0.2453125 0.00703125 0.059375