3 0.125 0.51015625 0.03515625 0.1546875
2 0.46796875 0.44140625 0.05703125 0.0953125
2 0.3984375 0.471875 0.05859375 0.07578125
2 0.321875 0.43671875 0.15078125 0.2390625
1 0.41171875 0.4984375 0.00625 0.053125
1 0.03515625 0.86953125 0.04921875 0.26015625
1 0.425 0.49296875 0.00625 0.053125
1 0.23359375 0.5015625 0.00625 0.053125
1 0.1859375 0.49140625 0.00625 0.0546875
1 0.41796875 0.49609375 0.00625 0.053125
2 0.534375 0.44921875 0.04296875 0.075
2 0.496875 0.43125 0.040625 0.075
1 0.46484375 0.48125 0.00546875 0.0453125
1 0.5046875 0.47890625 0.00546875 0.04609375