1 0.0265625 0.890625 0.053125 0.21875
3 0.44453125 0.4609375 0.015625 0.08125
3 0.5375 0.45703125 0.0140625 0.0640625
3 0.48515625 0.4578125 0.01328125 0.06796875
2 0.065625 0.4140625 0.13125 0.275
2 0.03359375 0.609375 0.06640625 0.24375
1 0.515625 0.48828125 0.00703125 0.04296875
1 0.4546875 0.48671875 0.00703125 0.04296875
3 0.471875 0.45546875 0.01484375 0.07109375
2 0.321875 0.45 0.05234375 0.05546875
2 0.14375 0.52265625 0.2140625 0.190625
3 0.5171875 0.453125 0.01640625 0.06796875
1 0.46875 0.50859375 0.009375 0.05703125
2 0.34765625 0.471875 0.07578125 0.08125
3 0.41484375 0.47421875 0.0296875 0.15390625
2 0.24375 0.46328125 0.08203125 0.07890625