2 0.48515625 0.271875 0.08046875 0.05390625
4 0.2671875 0.53984375 0.44375 0.47890625
2 0.8890625 0.22578125 0.05234375 0.053125
3 0.73125 0.27421875 0.04296875 0.16953125
2 0.34765625 0.2703125 0.1453125 0.134375
2 0.8328125 0.23515625 0.06171875 0.05859375
3 0.9421875 0.240625 0.01328125 0.059375
3 0.67421875 0.253125 0.00859375 0.0515625
1 0.4859375 0.37890625 0.01328125 0.12421875
1 0.57109375 0.31875 0.00546875 0.0734375
3 0.5546875 0.2578125 0.00859375 0.0359375
3 0.6234375 0.2515625 0.01015625 0.0484375
3 0.61484375 0.25 0.00859375 0.040625
3 0.6375 0.24765625 0.00859375 0.04453125
2 0.06953125 0.259375 0.13828125 0.096875
3 0.9546875 0.240625 0.01328125 0.0640625
2 0.16015625 0.28984375 0.0828125 0.06328125
2 0.76875 0.23828125 0.0484375 0.05703125
3 0.36484375 0.30859375 0.03984375 0.184375
3 0.440625 0.39609375 0.07734375 0.31171875
3 0.30390625 0.4828125 0.15390625 0.4703125
2 0.2265625 0.275 0.0578125 0.04453125
1 0.63828125 0.3203125 0.00703125 0.071875
1 0.36328125 0.37890625 0.01875 0.12421875
2 0.05546875 0.28984375 0.09375 0.0859375