1 0.55390625 0.5984375 0.00546875 0.040625
3 0.4625 0.56875 0.01328125 0.08046875
0 0.63046875 0.6234375 0.034375 0.0890625
2 0.6765625 0.54921875 0.02890625 0.02578125
3 0.4390625 0.57109375 0.01328125 0.0703125
1 0.53125 0.59375 0.0046875 0.03828125
3 0.4828125 0.57421875 0.01796875 0.08515625
1 0.575 0.60078125 0.00546875 0.040625
2 0.6546875 0.5484375 0.03046875 0.03515625
2 0.8265625 0.578125 0.0609375 0.07421875
2 0.8578125 0.54375 0.03671875 0.0359375
2 0.76953125 0.553125 0.03671875 0.03125
2 0.5546875 0.55546875 0.02421875 0.028125
2 0.95078125 0.54296875 0.06171875 0.040625
3 0.46875 0.57421875 0.01640625 0.08515625