2 0.44140625 0.328125 0.078125 0.05078125
2 0.3953125 0.33125 0.09140625 0.053125
2 0.27578125 0.353125 0.178125 0.1796875
2 0.628125 0.3171875 0.03125 0.05
4 0.16484375 0.4546875 0.15859375 0.29921875
3 0.5140625 0.328125 0.00546875 0.02890625
3 0.66015625 0.3078125 0.00546875 0.03359375
4 0.490625 0.3515625 0.03828125 0.11015625
4 0.55078125 0.4125 0.08203125 0.215625
3 0.146875 0.40390625 0.08984375 0.27578125
3 0.46484375 0.328125 0.009375 0.06015625
3 0.48828125 0.334375 0.02890625 0.0953125
3 0.5296875 0.32109375 0.0078125 0.04375