3 0.4390625 0.08046875 0.02421875 0.1234375
1 0.5609375 0.07734375 0.01015625 0.06171875
1 0.45625 0.07265625 0.009375 0.06953125
1 0.51953125 0.08203125 0.015625 0.08671875
1 0.5546875 0.13671875 0.01015625 0.034375
3 0.5328125 0.07734375 0.0140625 0.09296875
1 0.6140625 0.20078125 0.01484375 0.0359375
1 0.50625 0.19609375 0.0140625 0.0359375
3 0.63125 0.13359375 0.0359375 0.16171875
3 0.49453125 0.0875 0.02734375 0.103125
3 0.5078125 0.08359375 0.01953125 0.11484375
3 0.446875 0.09140625 0.02890625 0.1203125
3 0.67109375 0.13828125 0.04140625 0.20703125
2 0.66171875 0.11796875 0.14765625 0.11640625
1 0.46640625 0.12890625 0.01015625 0.0390625
3 0.2078125 0.12578125 0.0609375 0.16484375
4 0.94921875 0.28671875 0.1015625 0.2546875