3 0.49609375 0.396875 0.01640625 0.1015625
3 0.4515625 0.390625 0.0140625 0.0859375
3 0.38671875 0.39765625 0.02421875 0.09453125
3 0.8828125 0.4296875 0.0296875 0.14296875
2 0.6171875 0.34296875 0.075 0.1015625
2 0.653125 0.34921875 0.03515625 0.0640625
2 0.58671875 0.3765625 0.05234375 0.0546875
3 0.8625 0.38125 0.02109375 0.06953125
3 0.33515625 0.396875 0.025 0.0859375
3 0.50625 0.415625 0.0125 0.0640625
3 0.465625 0.36484375 0.01328125 0.05
3 0.83984375 0.42265625 0.03203125 0.1453125
0 0.86171875 0.39453125 0.01796875 0.06171875
0 0.3359375 0.41328125 0.05546875 0.05390625
0 0.13359375 0.40078125 0.046875 0.06015625