1 0.603125 0.50625 0.00390625 0.0296875
2 0.3484375 0.50078125 0.04453125 0.0453125
2 0.0265625 0.5125 0.05234375 0.0796875
2 0.2859375 0.4890625 0.03671875 0.03125
1 0.553125 0.49453125 0.003125 0.025
2 0.225 0.503125 0.0609375 0.0484375
1 0.50703125 0.5015625 0.00390625 0.0265625
1 0.30546875 0.53125 0.00703125 0.034375
1 0.56875 0.509375 0.00390625 0.0296875
1 0.3265625 0.5265625 0.003125 0.03359375
2 0.19921875 0.49921875 0.05234375 0.04375
2 0.13515625 0.50078125 0.07109375 0.06328125
1 0.47734375 0.50390625 0.00390625 0.028125
2 0.32578125 0.48984375 0.04140625 0.046875
1 0.5296875 0.4984375 0.00390625 0.0265625
3 0.571875 0.490625 0.01328125 0.0640625
3 0.52109375 0.4859375 0.01015625 0.04375
1 0.5859375 0.50703125 0.00390625 0.03046875