3 0.6265625 0.26875 0.02734375 0.1609375
3 0.571875 0.26953125 0.01796875 0.10625
3 0.39453125 0.2859375 0.0296875 0.15390625
3 0.684375 0.28515625 0.021875 0.08671875
3 0.59921875 0.278125 0.021875 0.13515625
3 0.4171875 0.2640625 0.01640625 0.0765625
3 0.33046875 0.25625 0.0078125 0.03671875
3 0.70390625 0.27421875 0.0234375 0.11484375
3 0.5859375 0.28359375 0.03984375 0.14453125
3 0.4515625 0.265625 0.0125 0.08046875
3 0.3625 0.2765625 0.02109375 0.1015625
3 0.725 0.28203125 0.015625 0.08515625