3 0.3203125 0.72890625 0.01875 0.0984375
1 0.32421875 0.78515625 0.0421875 0.0890625
1 0.3890625 0.76953125 0.0296875 0.0734375
1 0.434375 0.75703125 0.02265625 0.0609375
1 0.22734375 0.80859375 0.0640625 0.11015625
1 0.06015625 0.8484375 0.11953125 0.1609375
1 0.46796875 0.74921875 0.01796875 0.0546875
2 0.40390625 0.68046875 0.0703125 0.0453125
3 0.40546875 0.73203125 0.02109375 0.09609375
1 0.5140625 0.7359375 0.0125 0.04375
1 0.49296875 0.74296875 0.01328125 0.046875
2 0.35078125 0.67734375 0.05234375 0.034375
2 0.5703125 0.66328125 0.05234375 0.04921875
2 0.48515625 0.6640625 0.04765625 0.03515625
2 0.68671875 0.66328125 0.07890625 0.04609375
2 0.7296875 0.71875 0.2328125 0.14296875
2 0.6359375 0.66875 0.075 0.0484375