3 0.46953125 0.490625 0.0109375 0.059375
3 0.553125 0.496875 0.0140625 0.0734375
1 0.615625 0.540625 0.00859375 0.0546875
3 0.50703125 0.525 0.02265625 0.1109375
2 0.640625 0.49296875 0.05546875 0.0796875
2 0.14140625 0.60390625 0.2828125 0.4484375
3 0.5375 0.49609375 0.01484375 0.071875
3 0.52421875 0.4984375 0.0140625 0.06953125
3 0.40625 0.49296875 0.00859375 0.04375
3 0.39765625 0.49140625 0.00859375 0.04375
3 0.5765625 0.58046875 0.06484375 0.30078125
3 0.44765625 0.52890625 0.01953125 0.125
2 0.309375 0.55859375 0.15859375 0.17109375
3 0.42421875 0.534375 0.02578125 0.121875