2 0.28984375 0.23125 0.02109375 0.028125
2 0.16171875 0.221875 0.03203125 0.03828125
1 0.37578125 0.33984375 0.0109375 0.08125
3 0.35703125 0.26328125 0.01484375 0.08359375
3 0.38984375 0.26640625 0.01484375 0.078125
1 0.47578125 0.55390625 0.03515625 0.24453125
2 0.30625 0.23203125 0.021875 0.02578125
1 0.32578125 0.33046875 0.01171875 0.06875
1 0.19140625 0.67109375 0.05859375 0.36484375
2 0.2671875 0.22890625 0.025 0.0296875
3 0.040625 0.21875 0.01015625 0.0453125
2 0.896875 0.3640625 0.20625 0.19375
2 0.4546875 0.27890625 0.05390625 0.08046875
2 0.20625 0.2296875 0.05546875 0.0734375