1 0.73671875 0.70546875 0.04921875 0.4
1 0.10078125 0.60078125 0.04296875 0.315625
2 0.509375 0.24140625 0.040625 0.0296875
2 0.02109375 0.346875 0.04140625 0.09453125
3 0.56953125 0.24609375 0.0078125 0.046875
1 0.4171875 0.30859375 0.0078125 0.06328125
1 0.44453125 0.6421875 0.04375 0.34375
4 0.334375 0.2390625 0.02109375 0.04609375
1 0.3671875 0.309375 0.0078125 0.06171875
1 0.5375 0.30390625 0.00703125 0.06328125
1 0.5875 0.2984375 0.00859375 0.0609375
1 0.690625 0.28515625 0.0078125 0.05390625
1 0.4828125 0.30703125 0.00703125 0.06171875