1 0.4984375 0.4484375 0.00859375 0.05546875
1 0.625 0.715625 0.0359375 0.240625
2 0.646875 0.42578125 0.10234375 0.11953125
3 0.51875 0.41015625 0.01953125 0.07890625
2 0.56640625 0.40703125 0.04296875 0.065625
2 0.93828125 0.41875 0.1234375 0.159375
3 0.48046875 0.42421875 0.0265625 0.1234375
2 0.91953125 0.54453125 0.16015625 0.284375
1 0.87578125 0.70625 0.0375 0.23671875
1 0.5140625 0.48125 0.01171875 0.07578125
1 0.59296875 0.48046875 0.01015625 0.0703125
1 0.56171875 0.45078125 0.00859375 0.05546875