3 0.5921875 0.321875 0.01328125 0.071875
3 0.75 0.325 0.025 0.11875
3 0.153125 0.334375 0.01796875 0.0859375
3 0.371875 0.321875 0.0140625 0.0765625
3 0.46171875 0.3234375 0.01328125 0.075
3 0.57578125 0.32265625 0.01328125 0.06953125
3 0.2921875 0.3078125 0.01171875 0.0453125
2 0.103125 0.309375 0.0546875 0.03046875
3 0.503125 0.32421875 0.0125 0.06953125
1 0.94375 0.32109375 0.0109375 0.02421875
1 0.878125 0.32109375 0.009375 0.025
1 0.78828125 0.32109375 0.009375 0.028125
1 0.7109375 0.32421875 0.01171875 0.02578125
3 0.48359375 0.30390625 0.00859375 0.04609375
1 0.678125 0.325 0.01015625 0.02578125
1 0.6375 0.32734375 0.01015625 0.0234375
3 0.49296875 0.3046875 0.00703125 0.04609375
3 0.44375 0.3046875 0.0109375 0.05
3 0.16171875 0.334375 0.0234375 0.08125
1 0.4734375 0.3515625 0.01015625 0.01796875
3 0.56640625 0.3015625 0.00859375 0.04296875
1 0.59375 0.34921875 0.01015625 0.01796875
3 0.62578125 0.3 0.0078125 0.0515625
3 0.8625 0.2875 0.01328125 0.05390625
3 0.55 0.303125 0.00703125 0.04921875
3 0.43359375 0.30390625 0.00703125 0.04921875
3 0.47421875 0.30390625 0.00703125 0.05
3 0.6453125 0.2953125 0.01328125 0.05546875
3 0.1171875 0.35625 0.02734375 0.14296875
3 0.4015625 0.32109375 0.015625 0.084375
3 0.4234375 0.32578125 0.0140625 0.075
3 0.3890625 0.32734375 0.01484375 0.07109375
3 0.615625 0.2984375 0.00703125 0.04921875
3 0.5125 0.3203125 0.01484375 0.078125
3 0.178125 0.33125 0.01796875 0.09296875