1 0.90703125 0.50625 0.01484375 0.10546875
3 0.8484375 0.378125 0.01484375 0.078125
3 0.4015625 0.4078125 0.03359375 0.13046875
3 0.096875 0.50703125 0.19375 0.98515625
1 0.471875 0.42109375 0.00703125 0.046875
1 0.575 0.43125 0.00703125 0.0484375
2 0.26875 0.35703125 0.04296875 0.034375
1 0.52109375 0.42890625 0.00703125 0.046875
1 0.43203125 0.4171875 0.00703125 0.046875
1 0.75625 0.50234375 0.015625 0.10859375
2 0.93828125 0.45546875 0.1234375 0.11640625
3 0.9515625 0.5546875 0.09375 0.890625