1 0.81328125 0.73203125 0.12890625 0.34375
1 0.0796875 0.390625 0.03046875 0.08359375
3 0.31015625 0.36796875 0.03984375 0.215625
2 0.60859375 0.3625 0.06796875 0.0890625
2 0.67421875 0.35546875 0.06796875 0.08203125
3 0.42734375 0.38046875 0.02890625 0.17109375
1 0.26875 0.40390625 0.01171875 0.11875
3 0.40859375 0.390625 0.04453125 0.20546875
2 0.88515625 0.3953125 0.21328125 0.1859375
2 0.14375 0.321875 0.12734375 0.12109375
3 0.4625 0.33984375 0.00859375 0.04453125
3 0.45234375 0.34296875 0.009375 0.04140625
2 0.73984375 0.37421875 0.11015625 0.10546875