2 0.01953125 0.2234375 0.0390625 0.09375
2 0.58671875 0.1734375 0.05078125 0.05078125
3 0.3375 0.19453125 0.01640625 0.0859375
3 0.35703125 0.19375 0.01953125 0.08125
3 0.7609375 0.1890625 0.02265625 0.16328125
2 0.484375 0.15390625 0.13515625 0.15546875
3 0.6765625 0.16171875 0.01953125 0.09453125
4 0.9296875 0.26328125 0.13984375 0.1609375
3 0.94609375 0.209375 0.06328125 0.19140625
3 0.7078125 0.15859375 0.0125 0.0734375
3 0.1921875 0.20859375 0.01953125 0.09140625
3 0.1703125 0.2125 0.01796875 0.08828125