1 0.075 0.9234375 0.04765625 0.153125
1 0.3359375 0.7546875 0.0265625 0.18671875
1 0.13203125 0.55390625 0.00546875 0.04140625
1 0.5546875 0.5640625 0.00546875 0.04921875
1 0.49921875 0.55625 0.00546875 0.04609375
2 0.32265625 0.484375 0.0234375 0.040625
2 0.30078125 0.48203125 0.02890625 0.0453125
3 0.21328125 0.690625 0.06171875 0.3890625
1 0.475 0.5484375 0.0046875 0.04375
1 0.159375 0.5484375 0.00546875 0.03984375
2 0.0390625 0.51796875 0.05390625 0.046875
1 0.18203125 0.54375 0.00625 0.0390625
1 0.23203125 0.53359375 0.00546875 0.03203125
1 0.25 0.8484375 0.03671875 0.25625
1 0.48671875 0.68984375 0.01640625 0.140625
2 0.125 0.496875 0.04609375 0.046875