3 0.21796875 0.20859375 0.00703125 0.0453125
3 0.371875 0.21328125 0.015625 0.05078125
3 0.24296875 0.21796875 0.01484375 0.06328125
3 0.25625 0.22421875 0.0125 0.04296875
3 0.4046875 0.2046875 0.01171875 0.03828125
3 0.11015625 0.21640625 0.01640625 0.065625
3 0.1921875 0.25546875 0.04453125 0.209375
3 0.7515625 0.24765625 0.0203125 0.06484375
3 0.46796875 0.22578125 0.0171875 0.08515625
3 0.23359375 0.21328125 0.01328125 0.0734375
3 0.278125 0.21328125 0.01484375 0.05546875
3 0.36171875 0.22578125 0.00859375 0.028125
0 0.76796875 0.253125 0.02109375 0.06796875
3 0.13125 0.2171875 0.01328125 0.0609375