2 0.171875 0.4640625 0.34375 0.3859375
2 0.525 0.33984375 0.04609375 0.06328125
2 0.69140625 0.3515625 0.11015625 0.075
2 0.59765625 0.3140625 0.03828125 0.0265625
1 0.65625 0.409375 0.01796875 0.059375
1 0.67734375 0.4515625 0.02421875 0.0640625
2 0.46953125 0.3609375 0.08359375 0.1015625
3 0.60078125 0.3109375 0.00390625 0.0296875
3 0.63828125 0.378125 0.02109375 0.1265625
3 0.57890625 0.31640625 0.00859375 0.03671875
3 0.528125 0.3734375 0.01953125 0.10546875
3 0.61953125 0.37109375 0.02421875 0.159375
1 0.66328125 0.42421875 0.02421875 0.078125