2 0.42890625 0.70078125 0.109375 0.109375
2 0.58984375 0.75703125 0.15703125 0.16875
2 0.66171875 0.7140625 0.08515625 0.1109375
1 0.69921875 0.7984375 0.01484375 0.09921875
2 0.76484375 0.65703125 0.05078125 0.03359375
3 0.753125 0.6921875 0.0140625 0.0609375
3 0.790625 0.7015625 0.01875 0.09453125
3 0.77421875 0.70546875 0.01796875 0.08359375
1 0.7046875 0.775 0.0140625 0.0765625
1 0.71875 0.7609375 0.01171875 0.0703125
3 0.9578125 0.66640625 0.02421875 0.1296875
1 0.72890625 0.746875 0.00859375 0.059375
1 0.7375 0.73671875 0.0078125 0.05078125
3 0.728125 0.6890625 0.01484375 0.06328125
1 0.76171875 0.8203125 0.01796875 0.11484375
2 0.07734375 0.75703125 0.1546875 0.2640625
3 0.01875 0.6015625 0.02109375 0.11796875