2 0.1984375 0.43515625 0.05234375 0.05546875
1 0.09453125 0.48828125 0.00390625 0.03046875
1 0.0828125 0.48984375 0.00546875 0.03203125
1 0.0703125 0.490625 0.0046875 0.03359375
3 0.33984375 0.4625 0.01015625 0.0515625
3 0.92265625 0.5171875 0.08046875 0.36953125
3 0.53984375 0.48828125 0.01796875 0.0953125
3 0.56484375 0.55703125 0.04921875 0.24375
0 0.60625 0.46875 0.0453125 0.07109375
3 0.509375 0.48203125 0.015625 0.0859375
4 0.47578125 0.51484375 0.06953125 0.1109375
2 0.33046875 0.4390625 0.0703125 0.07890625
2 0.2515625 0.44296875 0.0796875 0.084375