2 0.9359375 0.33203125 0.09375 0.07109375
1 0.6140625 0.42265625 0.00859375 0.07421875
2 0.29765625 0.37578125 0.12109375 0.06640625
2 0.609375 0.34296875 0.0359375 0.03203125
2 0.01953125 0.3953125 0.03828125 0.07578125
1 0.5484375 0.478125 0.0140625 0.11171875
1 0.63203125 0.8265625 0.0515625 0.34609375
1 0.36640625 0.4109375 0.00703125 0.05625
1 0.53984375 0.41875 0.00859375 0.071875
1 0.490625 0.41796875 0.0078125 0.06953125
1 0.43828125 0.48203125 0.0125 0.11171875
3 0.0796875 0.37421875 0.0171875 0.06015625
1 0.184375 0.83203125 0.0453125 0.33515625
2 0.115625 0.365625 0.06953125 0.053125
2 0.653125 0.33828125 0.02890625 0.0265625
1 0.66640625 0.475 0.01328125 0.1109375
1 0.40390625 0.4125 0.00859375 0.06015625
1 0.221875 0.42109375 0.00859375 0.0609375
2 0.621875 0.340625 0.03203125 0.02890625
1 0.44609375 0.4140625 0.0078125 0.06484375
1 0.26875 0.41328125 0.00859375 0.05625