2 0.06796875 0.3375 0.07734375 0.0640625
4 0.6453125 0.31015625 0.03671875 0.05390625
1 0.0140625 0.6984375 0.02734375 0.2796875
3 0.27109375 0.33046875 0.01015625 0.05625
1 0.27109375 0.378125 0.00703125 0.0453125
1 0.20859375 0.35859375 0.00546875 0.04140625
1 0.32578125 0.371875 0.0078125 0.0609375
1 0.5890625 0.3671875 0.00859375 0.06171875
1 0.9953125 0.42578125 0.00859375 0.08046875
3 0.5453125 0.31796875 0.01015625 0.040625
2 0.090625 0.35390625 0.06640625 0.07421875
2 0.28671875 0.33203125 0.040625 0.040625
2 0.25078125 0.321875 0.06171875 0.07890625
1 0.3546875 0.6640625 0.03515625 0.3
1 0.69453125 0.653125 0.0375 0.2984375
1 0.38828125 0.371875 0.00703125 0.06015625
1 0.45390625 0.37421875 0.0078125 0.06015625
1 0.52265625 0.371875 0.00703125 0.06171875