1 0.06328125 0.50078125 0.00859375 0.05625
2 0.21953125 0.4484375 0.04609375 0.03828125
2 0.384375 0.51875 0.11015625 0.15
1 0.9578125 0.67265625 0.05234375 0.0890625
1 0.8453125 0.609375 0.03359375 0.06171875
2 0.334375 0.44296875 0.02578125 0.02578125
1 0.73046875 0.54453125 0.0234375 0.0390625
1 0.8453125 0.609375 0.03359375 0.06171875
1 0.71328125 0.534375 0.0203125 0.03515625
1 0.7015625 0.52890625 0.0171875 0.03359375
2 0.00625 0.4578125 0.0125 0.06875
1 0.89140625 0.63359375 0.04296875 0.075