2 0.23046875 0.42890625 0.18203125 0.2890625
2 0.83359375 0.534375 0.33203125 0.3859375
2 0.66171875 0.42265625 0.17265625 0.21015625
2 0.52734375 0.3765625 0.0640625 0.08671875
2 0.49375 0.3671875 0.03671875 0.05078125
2 0.3796875 0.3484375 0.04921875 0.084375
3 0.36953125 0.37421875 0.03515625 0.09375
2 0.30390625 0.38828125 0.09921875 0.159375
2 0.4015625 0.35078125 0.03203125 0.046875
2 0.13671875 0.5 0.2734375 1
2 0.5609375 0.39140625 0.08359375 0.096875
2 0.50625 0.37421875 0.03828125 0.06328125
2 0.46640625 0.3609375 0.02265625 0.028125