2 0.24765625 0.54296875 0.11953125 0.075
4 0.8671875 0.54609375 0.04453125 0.0453125
1 0.8265625 0.57578125 0.00390625 0.0359375
3 0.8640625 0.5375 0.01796875 0.046875
2 0.38515625 0.534375 0.0265625 0.02890625
2 0.04609375 0.5484375 0.09140625 0.05
2 0.36484375 0.5359375 0.0265625 0.03359375
2 0.3421875 0.534375 0.03515625 0.04453125
2 0.55234375 0.55546875 0.13359375 0.0734375
2 0.721875 0.55546875 0.12734375 0.0765625
2 0.92578125 0.57890625 0.14765625 0.1265625
2 0.3125 0.525 0.0515625 0.0734375