2 0.58359375 0.37890625 0.08515625 0.09140625
3 0.50390625 0.365625 0.00859375 0.0609375
3 0.95234375 0.615625 0.0953125 0.690625
3 0.75078125 0.60078125 0.17578125 0.38671875
0 0.4546875 0.46171875 0.05546875 0.14140625
3 0.20078125 0.33359375 0.03203125 0.078125
4 0.0359375 0.44296875 0.071875 0.1921875
3 0.88828125 0.6234375 0.10546875 0.753125
3 0.459375 0.40625 0.04375 0.209375
3 0.4 0.603125 0.1171875 0.671875
3 0.4921875 0.36640625 0.0125 0.06171875
2 0.30703125 0.39921875 0.15234375 0.19609375