4 0.1015625 0.36171875 0.04296875 0.0703125
2 0.4984375 0.31953125 0.02734375 0.0515625
2 0.47421875 0.33046875 0.03671875 0.03828125
2 0.52109375 0.33046875 0.01796875 0.0234375
1 0.59921875 0.40390625 0.0078125 0.046875
1 0.58515625 0.40390625 0.01640625 0.03515625
3 0.9234375 0.4125 0.08515625 0.26640625
3 0.6765625 0.38203125 0.01953125 0.12421875
2 0.28359375 0.3640625 0.08984375 0.071875
2 0.58046875 0.3359375 0.02265625 0.03359375
2 0.64921875 0.34296875 0.03828125 0.034375
3 0.37578125 0.33125 0.0078125 0.034375
1 0.7046875 0.41171875 0.0171875 0.05