2 0.37890625 0.365625 0.03828125 0.0296875
1 0.971875 0.61171875 0.015625 0.18203125
1 0.70703125 0.60625 0.01796875 0.25546875
2 0.88359375 0.4796875 0.2328125 0.28125
2 0.72578125 0.41640625 0.19140625 0.13046875
3 0.55390625 0.39140625 0.0125 0.065625
1 0.65859375 0.515625 0.00859375 0.08828125
1 0.6375 0.49375 0.00703125 0.07421875
2 0.340625 0.378125 0.02734375 0.0265625
2 0.33828125 0.365625 0.03046875 0.03515625
2 0.22109375 0.3953125 0.04140625 0.03828125
2 0.24296875 0.39921875 0.04296875 0.0390625
3 0.57734375 0.4015625 0.01640625 0.10390625
2 0.4125 0.3953125 0.02421875 0.03828125
2 0.45703125 0.3984375 0.08046875 0.1640625
2 0.06015625 0.41171875 0.05 0.0515625
2 0.16484375 0.40390625 0.05859375 0.0484375
2 0.03046875 0.40859375 0.06015625 0.08125