1 0.49765625 0.41015625 0.003125 0.034375
1 0.47734375 0.40859375 0.00234375 0.03046875
1 0.60234375 0.4015625 0.00390625 0.0359375
1 0.58984375 0.3984375 0.003125 0.034375
2 0.55234375 0.37578125 0.040625 0.046875
1 0.56171875 0.3984375 0.00234375 0.0296875
2 0.40703125 0.378125 0.04296875 0.065625
2 0.52265625 0.371875 0.03671875 0.04609375
2 0.6078125 0.38203125 0.05390625 0.04921875
1 0.62265625 0.40390625 0.00390625 0.03984375
1 0.65859375 0.403125 0.00390625 0.03671875
1 0.646875 0.40703125 0.00390625 0.04140625
1 0.52734375 0.41171875 0.003125 0.03828125
1 0.62734375 0.4 0.00390625 0.03359375