1 0.7125 0.596875 0.0078125 0.05625
1 0.53515625 0.5484375 0.00390625 0.03125
1 0.5453125 0.57109375 0.00546875 0.0484375
1 0.7421875 0.60859375 0.00859375 0.06484375
1 0.85390625 0.6578125 0.0140625 0.103125
1 0.9734375 0.7109375 0.02265625 0.1390625
1 0.50234375 0.565625 0.0046875 0.04609375
1 0.784375 0.6265625 0.01015625 0.08125
2 0.47109375 0.54921875 0.12109375 0.07578125
2 0.87109375 0.571875 0.11640625 0.09921875
2 0.9609375 0.5921875 0.07734375 0.13515625
2 0.71796875 0.55625 0.13984375 0.07890625
2 0.8328125 0.55234375 0.09765625 0.05859375
1 0.55234375 0.57578125 0.00625 0.05390625