2 0.5796875 0.37890625 0.05078125 0.07578125
3 0.6484375 0.36328125 0.01015625 0.0453125
2 0.6453125 0.35546875 0.03125 0.0390625
2 0.5578125 0.3734375 0.03671875 0.046875
3 0.51328125 0.37890625 0.0171875 0.07890625
2 0.03515625 0.66171875 0.0703125 0.32421875
3 0.49765625 0.36328125 0.00859375 0.04296875
3 0.478125 0.37890625 0.01484375 0.0734375
1 0.8109375 0.4484375 0.02265625 0.06796875
2 0.53671875 0.365625 0.0203125 0.03359375
3 0.76484375 0.38671875 0.03828125 0.14921875
1 0.71015625 0.4171875 0.01484375 0.04921875
1 0.77421875 0.43359375 0.01953125 0.0546875
1 0.92265625 0.49453125 0.0453125 0.10703125
1 0.8515625 0.4703125 0.03671875 0.08671875
2 0.8984375 0.35859375 0.20234375 0.27109375
1 0.82578125 0.45703125 0.03203125 0.078125
1 0.79296875 0.4390625 0.02265625 0.06328125
1 0.68515625 0.4109375 0.0140625 0.04609375
1 0.66328125 0.40625 0.0109375 0.03984375
2 0.7359375 0.365625 0.12734375 0.1515625
0 0.5125 0.3953125 0.01640625 0.06328125