2 0.68046875 0.29296875 0.09140625 0.11484375
2 0.18828125 0.3078125 0.19921875 0.25546875
2 0.02734375 0.2921875 0.05390625 0.2265625
3 0.56796875 0.2625 0.01328125 0.06796875
2 0.51171875 0.25625 0.0359375 0.0453125
2 0.40546875 0.2765625 0.15859375 0.10546875
2 0.44453125 0.26640625 0.13828125 0.08046875
2 0.23984375 0.2703125 0.1703125 0.109375
1 0.60078125 0.31171875 0.01328125 0.05859375
3 0.5390625 0.25546875 0.00625 0.03125
1 0.5890625 0.2921875 0.00703125 0.03828125
1 0.57734375 0.27734375 0.00625 0.0296875