1 0.040625 0.5328125 0.00703125 0.0359375
3 0.27265625 0.521875 0.015625 0.059375
3 0.178125 0.51328125 0.01484375 0.0703125
3 0.19296875 0.51171875 0.01328125 0.06328125
2 0.36953125 0.5328125 0.1515625 0.10390625
1 0.07734375 0.528125 0.01171875 0.01640625
1 0.0640625 0.52578125 0.00546875 0.03359375
2 0.0328125 0.503125 0.065625 0.053125
2 0.1046875 0.49296875 0.06875 0.04921875
1 0.73125 0.56796875 0.00703125 0.06171875
1 0.04921875 0.54140625 0.00546875 0.03828125
3 0.29453125 0.51640625 0.01328125 0.0734375