1 0.7640625 0.778125 0.02265625 0.17421875
1 0.3265625 0.77421875 0.02265625 0.08828125
1 0.571875 0.7796875 0.021875 0.178125
3 0.340625 0.47421875 0.0171875 0.08515625
1 0.0671875 0.77421875 0.02265625 0.08203125
2 0.09921875 0.50546875 0.13984375 0.09921875
1 0.4640625 0.77421875 0.02265625 0.08828125
1 0.47734375 0.5265625 0.0046875 0.0859375
1 0.6453125 0.51796875 0.003125 0.02578125
2 0.01171875 0.49765625 0.02265625 0.09375
0 0.80390625 0.4734375 0.02421875 0.04921875
1 0.2015625 0.7734375 0.01953125 0.0859375