1 0.484375 0.2984375 0.01015625 0.03125
1 0.47109375 0.30546875 0.01171875 0.03515625
1 0.4546875 0.309375 0.0109375 0.03671875
1 0.3140625 0.34296875 0.01171875 0.09375
1 0.42890625 0.32109375 0.00703125 0.06953125
0 0.37890625 0.2984375 0.01953125 0.07109375
1 0.43984375 0.31328125 0.01171875 0.03984375
1 0.36015625 0.31640625 0.00859375 0.07109375
3 0.32734375 0.2890625 0.01796875 0.1
2 0.26328125 0.3015625 0.09921875 0.103125
2 0.34140625 0.25390625 0.09296875 0.14140625
1 0.21328125 0.31640625 0.01015625 0.04296875
1 0.609375 0.34296875 0.01171875 0.09375
1 0.40625 0.346875 0.01015625 0.09453125
2 0.0578125 0.29296875 0.11484375 0.36484375
2 0.15703125 0.26171875 0.06953125 0.06484375
1 0.32421875 0.32578125 0.0140625 0.04921875
1 0.13359375 0.2890625 0.009375 0.03828125
1 0.58203125 0.31796875 0.00859375 0.071875
1 0.50390625 0.3484375 0.0125 0.09609375
1 0.5359375 0.28046875 0.00546875 0.0359375
1 0.49921875 0.31953125 0.00859375 0.0703125
1 0.49609375 0.284375 0.00546875 0.03984375
1 0.15390625 0.28125 0.00546875 0.03125
1 0.171875 0.27890625 0.00546875 0.03125