0 0.53359375 0.665625 0.01640625 0.05390625
1 0.8421875 0.7640625 0.01484375 0.08359375
3 0.490625 0.71015625 0.03359375 0.153125
3 0.58828125 0.634375 0.01015625 0.03515625
3 0.41484375 0.66171875 0.0203125 0.10078125
3 0.46796875 0.7328125 0.04609375 0.15625
3 0.6078125 0.70859375 0.04140625 0.171875
3 0.534375 0.64453125 0.01640625 0.07421875
3 0.45078125 0.71640625 0.03515625 0.14375
3 0.32421875 0.75078125 0.04921875 0.22421875
1 0.63125 0.93046875 0.021875 0.1390625
1 0.4171875 0.9171875 0.021875 0.165625
3 0.409375 0.7046875 0.03046875 0.14921875
2 0.68203125 0.646875 0.08984375 0.06015625
0 0.60859375 0.7515625 0.0421875 0.13515625
0 0.48046875 0.75234375 0.0375 0.1140625
2 0.82890625 0.63671875 0.3421875 0.29140625