2 0.33203125 0.43203125 0.071875 0.06328125
2 0.51171875 0.44453125 0.03359375 0.03515625
2 0.10078125 0.62890625 0.2015625 0.2765625
2 0.021875 0.47109375 0.04375 0.053125
2 0.54296875 0.41484375 0.03984375 0.0390625
3 0.62421875 0.44140625 0.0109375 0.0515625
3 0.61640625 0.4484375 0.00703125 0.0390625
3 0.725 0.43671875 0.00703125 0.046875
2 0.14609375 0.4609375 0.09453125 0.06953125
3 0.81796875 0.55703125 0.06640625 0.38046875
2 0.8921875 0.4875 0.215625 0.228125
2 0.82265625 0.4453125 0.12734375 0.1
3 0.453125 0.67734375 0.25625 0.6453125
3 0.165625 0.6796875 0.11953125 0.58203125
2 0.31015625 0.446875 0.05 0.04921875
3 0.5375 0.44296875 0.0109375 0.05
3 0.2140625 0.4515625 0.0125 0.034375
4 0.21484375 0.46015625 0.0203125 0.03203125
2 0.08046875 0.4515625 0.025 0.03203125
2 0.2515625 0.446875 0.02265625 0.0296875
3 0.59296875 0.43828125 0.00859375 0.04921875
3 0.60625 0.440625 0.00859375 0.04921875
3 0.5671875 0.4390625 0.009375 0.04921875
3 0.82265625 0.58828125 0.07890625 0.48984375
2 0.35703125 0.4484375 0.0296875 0.03203125
2 0.29453125 0.4484375 0.05 0.04453125
2 0.6828125 0.453125 0.09921875 0.053125
2 0.22421875 0.44453125 0.02265625 0.034375
3 0.55078125 0.440625 0.00859375 0.0453125