2 0.86484375 0.53828125 0.2703125 0.3640625
2 0.44296875 0.415625 0.0375 0.0609375
2 0.3859375 0.42421875 0.05390625 0.071875
2 0.615625 0.4390625 0.0734375 0.0890625
2 0.734375 0.46796875 0.20390625 0.2234375
3 0.66953125 0.48671875 0.05078125 0.26953125
2 0.303125 0.44296875 0.16640625 0.1734375
2 0.45625 0.40078125 0.03359375 0.06328125
2 0.06015625 0.6953125 0.11953125 0.50390625
2 0.19765625 0.51171875 0.25703125 0.3265625
2 0.47109375 0.4078125 0.03046875 0.04375
2 0.4875 0.41171875 0.02734375 0.03125
2 0.50625 0.4109375 0.034375 0.02890625
2 0.5328125 0.4078125 0.03203125 0.03203125