2 0.609375 0.3640625 0.0484375 0.071875
4 0.5984375 0.4234375 0.02421875 0.0734375
2 0.9125 0.44609375 0.175 0.2859375
2 0.825 0.38359375 0.10703125 0.15625
2 0.72578125 0.4109375 0.1078125 0.11328125
2 0.10390625 0.53359375 0.2078125 0.2015625
3 0.390625 0.459375 0.02421875 0.146875
0 0.46328125 0.48828125 0.028125 0.1046875
3 0.44296875 0.4015625 0.01484375 0.075
3 0.42890625 0.3984375 0.015625 0.0734375
3 0.4140625 0.39921875 0.01484375 0.07890625
3 0.4640625 0.45390625 0.02890625 0.13984375
2 0.0578125 0.5984375 0.11484375 0.21640625
2 0.56796875 0.37265625 0.0359375 0.0609375