0 0.20859375 0.46796875 0.07421875 0.08984375
0 0.04921875 0.5140625 0.09765625 0.16015625
2 0.5203125 0.41796875 0.05703125 0.05078125
3 0.38984375 0.44375 0.01171875 0.0984375
3 0.4328125 0.446875 0.021875 0.1140625
3 0.40859375 0.44453125 0.01640625 0.09921875
3 0.19765625 0.49375 0.04921875 0.21640625
3 0.315625 0.48671875 0.04375 0.2046875
3 0.3671875 0.48515625 0.03828125 0.1984375
3 0.45625 0.45703125 0.03046875 0.1609375
3 0.55390625 0.44609375 0.02265625 0.11328125
3 0.159375 0.56953125 0.0921875 0.403125
3 0.5 0.43984375 0.01171875 0.06171875
3 0.26796875 0.446875 0.01875 0.1
3 0.11640625 0.490625 0.07421875 0.2203125