2 0.79140625 0.3421875 0.0515625 0.04296875
1 0.42734375 0.5203125 0.01796875 0.090625
1 0.62890625 0.4421875 0.00859375 0.05703125
1 0.49609375 0.48828125 0.0125 0.0765625
1 0.02421875 0.8859375 0.0484375 0.228125
2 0.64375 0.346875 0.04296875 0.03515625
2 0.4984375 0.3609375 0.05859375 0.0453125
2 0.31328125 0.38359375 0.12265625 0.0859375
2 0.434375 0.3640625 0.090625 0.08359375
2 0.57109375 0.34921875 0.0703125 0.06640625
2 0.2140625 0.3875 0.09296875 0.0546875
2 0.0265625 0.40625 0.053125 0.08203125
1 0.5609375 0.4640625 0.01171875 0.07890625
1 0.140625 0.73828125 0.07578125 0.2296875