2 0.54609375 0.35078125 0.08828125 0.11015625
1 0.24921875 0.5703125 0.02265625 0.178125
3 0.4609375 0.321875 0.0171875 0.09375
3 0.4265625 0.3265625 0.01796875 0.090625
3 0.45390625 0.346875 0.02421875 0.1234375
4 0.55859375 0.46640625 0.17734375 0.221875
2 0.1953125 0.3203125 0.05703125 0.06171875
2 0.303125 0.325 0.05390625 0.0703125
3 0.48984375 0.3234375 0.02265625 0.11328125
2 0.1015625 0.275 0.203125 0.221875
3 0.40390625 0.31171875 0.01171875 0.065625
3 0.4421875 0.31796875 0.01796875 0.09375