2 0.05234375 0.49453125 0.1046875 0.090625
2 0.1234375 0.47890625 0.07421875 0.0609375
3 0.5046875 0.4609375 0.01484375 0.07421875
3 0.46484375 0.478125 0.01875 0.09296875
3 0.5203125 0.4609375 0.00703125 0.06640625
2 0.30234375 0.43203125 0.06171875 0.08203125
2 0.221875 0.4609375 0.05546875 0.03984375
3 0.396875 0.59375 0.0671875 0.34375
0 0.21328125 0.71171875 0.07890625 0.25
3 0.53828125 0.5421875 0.05078125 0.25625
2 0.05546875 0.553125 0.11015625 0.184375
3 0.490625 0.4640625 0.01484375 0.075
3 0.51328125 0.46953125 0.01484375 0.0796875