3 0.7796875 0.4359375 0.03203125 0.16640625
2 0.61796875 0.43515625 0.07421875 0.1140625
2 0.58515625 0.44921875 0.10625 0.1546875
4 0.53046875 0.48125 0.05859375 0.18671875
2 0.92421875 0.45390625 0.15078125 0.26640625
2 0.859375 0.4265625 0.1171875 0.165625
2 0.72578125 0.3796875 0.02578125 0.034375
2 0.66875 0.375 0.0234375 0.03671875
0 0.28828125 0.50625 0.14921875 0.19609375
2 0.64765625 0.40703125 0.04375 0.06875
2 0.74453125 0.384375 0.034375 0.0515625
2 0.9796875 0.52578125 0.040625 0.3265625