3 0.503125 0.521875 0.01484375 0.07421875
1 0.515625 0.5609375 0.00625 0.06015625
3 0.5390625 0.52109375 0.01640625 0.0796875
3 0.425 0.51484375 0.0171875 0.08359375
2 0.88203125 0.50703125 0.07890625 0.08828125
2 0.92734375 0.51640625 0.1453125 0.18671875
1 0.44140625 0.5640625 0.00703125 0.05625
2 0.75390625 0.50390625 0.03515625 0.03671875
2 0.73828125 0.5109375 0.0375 0.04609375
3 0.51953125 0.52109375 0.015625 0.0765625
3 0.44375 0.52109375 0.0125 0.06796875
3 0.4609375 0.52109375 0.0328125 0.15859375
1 0.5953125 0.56953125 0.065625 0.05390625
2 0.79609375 0.50625 0.0421875 0.03828125