1 0.22890625 0.428125 0.003125 0.0265625
1 0.2484375 0.428125 0.003125 0.02578125
1 0.27109375 0.428125 0.00390625 0.0265625
1 0.753125 0.7375 0.03984375 0.3265625
1 0.44453125 0.78125 0.0421875 0.30859375
1 0.14375 0.46328125 0.00546875 0.03984375
1 0.19453125 0.45546875 0.00625 0.04609375
1 0.0953125 0.465625 0.00546875 0.04140625
2 0.06875 0.41875 0.07578125 0.040625
2 0.7171875 0.39140625 0.07421875 0.05
1 0.090625 0.80546875 0.05078125 0.31484375
2 0.571875 0.39375 0.065625 0.0359375
2 0.6703125 0.4109375 0.10625 0.05625
2 0.4828125 0.4140625 0.07734375 0.05703125
2 0.4015625 0.415625 0.08828125 0.05390625
2 0.8640625 0.39296875 0.0703125 0.04921875
3 0.04375 0.4421875 0.02734375 0.11015625
1 0.03828125 0.46875 0.00859375 0.0484375