1 0.8078125 0.76875 0.0390625 0.290625
3 0.5203125 0.36640625 0.015625 0.0859375
1 0.62890625 0.42734375 0.01171875 0.0640625
1 0.58359375 0.43671875 0.00859375 0.06640625
1 0.29140625 0.61328125 0.02265625 0.19375
2 0.90546875 0.36171875 0.06953125 0.06015625
2 0.99296875 0.38515625 0.0140625 0.0515625
1 0.5109375 0.44296875 0.00859375 0.071875
2 0.75625 0.35078125 0.0375 0.034375
2 0.71640625 0.34453125 0.0265625 0.03203125
2 0.8625 0.32890625 0.04140625 0.0265625
2 0.1921875 0.42421875 0.28984375 0.165625
2 0.740625 0.34609375 0.0296875 0.034375
2 0.790625 0.3515625 0.04296875 0.04375
3 0.028125 0.409375 0.05546875 0.23359375
1 0.5 0.65546875 0.0265625 0.22578125
1 0.4265625 0.4421875 0.00859375 0.0796875
2 0.66953125 0.34921875 0.07109375 0.12421875