1 0.15859375 0.48671875 0.0109375 0.06640625
2 0.0578125 0.421875 0.11484375 0.08515625
1 0.5640625 0.46875 0.00703125 0.0640625
3 0.58671875 0.43984375 0.0390625 0.19375
3 0.675 0.43984375 0.04921875 0.184375
1 0.24609375 0.4734375 0.00859375 0.059375
2 0.12109375 0.43046875 0.11484375 0.08984375
1 0.7078125 0.44453125 0.01015625 0.05859375
1 0.63515625 0.45859375 0.0078125 0.06015625
2 0.4421875 0.38828125 0.05234375 0.03828125
1 0.05703125 0.49921875 0.01015625 0.0859375
1 0.3734375 0.43828125 0.00546875 0.04609375
1 0.43203125 0.4296875 0.00546875 0.04921875
1 0.4734375 0.42578125 0.00546875 0.046875
1 0.515625 0.421875 0.00546875 0.046875
2 0.31328125 0.3921875 0.04140625 0.0484375
2 0.25703125 0.40546875 0.05859375 0.05546875
2 0.2296875 0.38671875 0.03828125 0.0453125
2 0.19375 0.3890625 0.04453125 0.03828125