2 0.8140625 0.4390625 0.046875 0.046875
2 0.771875 0.4515625 0.01875 0.02421875
2 0.9078125 0.45546875 0.05390625 0.0390625
2 0.88046875 0.4390625 0.06875 0.06171875
2 0.05703125 0.73515625 0.1140625 0.3015625
3 0.53828125 0.49609375 0.0140625 0.075
2 0.62890625 0.45625 0.01796875 0.02421875
3 0.53046875 0.496875 0.01640625 0.078125
2 0.953125 0.434375 0.09296875 0.071875
3 0.57890625 0.5203125 0.0265625 0.13125
3 0.55078125 0.49296875 0.015625 0.08203125
1 0.4921875 0.54375 0.01171875 0.04921875
2 0.8 0.459375 0.03984375 0.03046875
2 0.18125 0.44765625 0.36171875 0.53046875
2 0.97109375 0.484375 0.0578125 0.06640625