3 0.54296875 0.51953125 0.01328125 0.06171875
2 0.44921875 0.49921875 0.06796875 0.1
3 0.18515625 0.74140625 0.08359375 0.4703125
3 0.56171875 0.50703125 0.00703125 0.03671875
3 0.525 0.53515625 0.0203125 0.1015625
3 0.50234375 0.5328125 0.02265625 0.10390625
3 0.478125 0.5390625 0.02734375 0.11796875
1 0.74375 0.53515625 0.0265625 0.078125
1 0.51796875 0.60859375 0.01640625 0.05
2 0.61484375 0.54609375 0.09609375 0.12578125
1 0.08046875 0.85078125 0.03515625 0.21640625
2 0.20625 0.5515625 0.10078125 0.103125
1 0.42890625 0.62421875 0.01640625 0.0390625
4 0.428125 0.54765625 0.03671875 0.09453125
2 0.3328125 0.53125 0.05078125 0.0609375
2 0.0515625 0.56328125 0.103125 0.1109375
1 0.7296875 0.5375 0.01796875 0.06484375