3 0.32109375 0.609375 0.06484375 0.325
2 0.25078125 0.4859375 0.1953125 0.18046875
3 0.33046875 0.56875 0.046875 0.24921875
3 0.496875 0.5515625 0.028125 0.14375
3 0.54296875 0.55625 0.02578125 0.1484375
3 0.5046875 0.56484375 0.03046875 0.15703125
2 0.70234375 0.5640625 0.29453125 0.16953125
2 0.78515625 0.63125 0.4296875 0.32890625
0 0.390625 0.56875 0.0546875 0.07578125
3 0.4546875 0.55078125 0.02734375 0.1609375
3 0.43515625 0.55 0.02578125 0.153125
3 0.37734375 0.553125 0.02890625 0.15
3 0.596875 0.54296875 0.0234375 0.09140625
2 0.41328125 0.496875 0.08515625 0.075