2 0.40078125 0.34375 0.096875 0.11328125
2 0.91484375 0.6359375 0.1703125 0.534375
3 0.6015625 0.30078125 0.0234375 0.0890625
3 0.97578125 0.2875 0.040625 0.175
4 0.60625 0.31796875 0.0421875 0.06796875
0 0.63515625 0.7296875 0.29921875 0.540625
3 0.10703125 0.37578125 0.034375 0.125
2 0.6171875 0.30390625 0.07109375 0.06484375
3 0.0765625 0.37578125 0.02421875 0.10703125
3 0.04921875 0.37890625 0.02578125 0.11015625
2 0.278125 0.325 0.03984375 0.046875
2 0.31015625 0.31875 0.0375 0.04375
3 0.09609375 0.36953125 0.02421875 0.1140625
2 0.4953125 0.321875 0.09921875 0.08515625
2 0.3375 0.340625 0.06640625 0.0765625
2 0.60078125 0.30625 0.10390625 0.0765625