3 0.24375 0.328125 0.02890625 0.13515625
3 0.6828125 0.315625 0.02890625 0.1109375
3 0.74140625 0.31796875 0.034375 0.109375
3 0.78046875 0.31953125 0.034375 0.121875
3 0.23359375 0.3765625 0.040625 0.171875
3 0.95859375 0.3 0.0328125 0.17109375
2 0.27734375 0.30390625 0.05546875 0.05390625
2 0.08203125 0.28046875 0.02265625 0.0234375
0 0.16484375 0.365625 0.03125 0.0859375
2 0.12421875 0.28046875 0.021875 0.025
2 0.14921875 0.27890625 0.01640625 0.025
2 0.04296875 0.28125 0.02734375 0.0265625
2 0.01484375 0.28203125 0.0296875 0.0296875
3 0.6640625 0.33046875 0.02578125 0.15390625
3 0.70859375 0.3453125 0.0390625 0.1203125
2 0.1078125 0.28203125 0.021875 0.025
2 0.01484375 0.3828125 0.0296875 0.13671875
3 0.265625 0.3875 0.028125 0.15859375
3 0.75625 0.34765625 0.040625 0.121875