2 0.51484375 0.2515625 0.17734375 0.1109375
1 0.540625 0.40546875 0.02734375 0.16875
1 0.2984375 0.51875 0.0421875 0.25078125
2 0.87734375 0.27578125 0.08359375 0.07109375
2 0.82265625 0.27421875 0.0796875 0.06015625
2 0.9546875 0.2765625 0.090625 0.0953125
1 0.84296875 0.325 0.0359375 0.128125
2 0.31640625 0.221875 0.05703125 0.05859375
1 0.52109375 0.33125 0.01640625 0.11796875
1 0.55078125 0.27265625 0.01484375 0.12109375
1 0.7 0.26953125 0.01328125 0.09140625
1 0.71875 0.27109375 0.00859375 0.07578125
2 0.38203125 0.22578125 0.03515625 0.03828125
1 0.64296875 0.27578125 0.01484375 0.12109375
2 0.25390625 0.24453125 0.12421875 0.1359375
1 0.6875 0.2703125 0.00859375 0.075
1 0.52890625 0.359375 0.01796875 0.13984375
1 0.49765625 0.2828125 0.009375 0.06640625