1 0.5921875 0.5609375 0.009375 0.05546875
2 0.075 0.575 0.15 0.253125
2 0.43125 0.48046875 0.03359375 0.06015625
2 0.23046875 0.51953125 0.13046875 0.1453125
4 0.75 0.609375 0.06953125 0.20546875
3 0.69296875 0.69375 0.14765625 0.4953125
2 0.30859375 0.51953125 0.07265625 0.078125
2 0.46328125 0.51171875 0.1375 0.09453125
2 0.153125 0.51484375 0.103125 0.10703125
2 0.3 0.4703125 0.0609375 0.0703125
3 0.56484375 0.515625 0.02265625 0.08125
3 0.93828125 0.615625 0.08671875 0.13671875
1 0.5078125 0.55546875 0.00859375 0.06015625
1 0.23828125 0.9140625 0.03671875 0.171875