3 0.48671875 0.40078125 0.02578125 0.159375
2 0.96171875 0.42734375 0.0765625 0.1109375
2 0.07578125 0.56796875 0.1515625 0.4953125
2 0.69453125 0.39296875 0.0578125 0.0859375
2 0.35078125 0.43671875 0.25546875 0.43671875
2 0.72578125 0.37265625 0.06640625 0.08515625
2 0.646875 0.40390625 0.0765625 0.134375
2 0.94609375 0.40078125 0.07578125 0.10390625
3 0.47109375 0.4109375 0.0328125 0.16953125
3 0.4859375 0.41875 0.02421875 0.1546875
3 0.51015625 0.40625 0.02734375 0.13984375
1 0.60546875 0.43671875 0.01171875 0.046875
3 0.9921875 0.38203125 0.01171875 0.08125