2 0.22890625 0.459375 0.06875 0.03515625
2 0.384375 0.434375 0.13359375 0.06796875
3 0.0234375 0.4828125 0.01796875 0.08125
2 0.0921875 0.46875 0.0796875 0.059375
2 0.03359375 0.47578125 0.06015625 0.05
2 0.51796875 0.47421875 0.06328125 0.046875
1 0.503125 0.49921875 0.00546875 0.04375
2 0.32578125 0.471875 0.0515625 0.0546875
2 0.36875 0.47890625 0.05703125 0.059375
2 0.14375 0.46796875 0.05390625 0.04375
3 0.55703125 0.50859375 0.03046875 0.16171875
1 0.496875 0.50546875 0.00546875 0.03984375