1 0.03203125 0.921875 0.03203125 0.15546875
2 0.078125 0.56328125 0.15625 0.2703125
1 0.88359375 0.95 0.0359375 0.1
2 0.8875 0.80859375 0.22421875 0.3703125
1 0.48984375 0.61484375 0.00546875 0.04296875
1 0.5953125 0.6140625 0.00546875 0.03828125
1 0.38515625 0.615625 0.0046875 0.04453125
1 0.43984375 0.61640625 0.0046875 0.04140625
1 0.2765625 0.9296875 0.028125 0.140625
1 0.56328125 0.940625 0.0296875 0.11640625
1 0.53984375 0.615625 0.0046875 0.04140625
2 0.75625 0.6 0.15078125 0.121875
2 0.84453125 0.56953125 0.05625 0.04921875