1 0.6015625 0.58671875 0.0078125 0.0703125
1 0.6328125 0.60625 0.02578125 0.090625
3 0.6109375 0.5328125 0.02109375 0.11953125
1 0.8140625 0.57890625 0.0921875 0.05546875
2 0.4421875 0.5390625 0.13046875 0.08046875
1 0.67734375 0.64375 0.0453125 0.14921875
3 0.621875 0.5234375 0.01328125 0.06484375
1 0.496875 0.6046875 0.0078125 0.08359375
2 0.36171875 0.49921875 0.0296875 0.0390625
2 0.3421875 0.50546875 0.03671875 0.0390625
2 0.12109375 0.7828125 0.2421875 0.434375
1 0.5515625 0.59609375 0.0078125 0.075
2 0.29140625 0.50390625 0.04140625 0.0453125