2 0.1609375 0.42578125 0.1234375 0.1015625
4 0.28125 0.4921875 0.05234375 0.11328125
2 0.41171875 0.42890625 0.06015625 0.075
1 0.584375 0.47421875 0.00703125 0.07578125
1 0.65234375 0.465625 0.00859375 0.07578125
2 0.084375 0.4484375 0.16875 0.196875
3 0.284375 0.44765625 0.04609375 0.12421875
3 0.61328125 0.48828125 0.05 0.23359375
2 0.35078125 0.38515625 0.09765625 0.13671875
2 0.4703125 0.39609375 0.05546875 0.1015625
2 0.27109375 0.409375 0.07890625 0.07578125
3 0.5265625 0.403125 0.01640625 0.08984375
3 0.54609375 0.4046875 0.0140625 0.0859375