3 0.834375 0.4296875 0.03046875 0.12890625
3 0.79296875 0.4109375 0.01328125 0.06953125
1 0.30625 0.47890625 0.01015625 0.07578125
1 0.36328125 0.4859375 0.00859375 0.08671875
1 0.3984375 0.49921875 0.01015625 0.090625
2 0.92734375 0.40546875 0.10078125 0.065625
2 0.384375 0.44375 0.02890625 0.040625
2 0.55 0.43203125 0.03125 0.03984375
2 0.60546875 0.42421875 0.05703125 0.06171875
2 0.409375 0.428125 0.02734375 0.05703125
1 0.953125 0.4296875 0.00546875 0.04921875
1 0.965625 0.42890625 0.00546875 0.0453125
3 0.8640625 0.4265625 0.0265625 0.12890625
3 0.31875 0.421875 0.01328125 0.071875
1 0.9921875 0.42578125 0.00546875 0.0453125
3 0.7609375 0.4109375 0.01796875 0.06484375