1 0.07109375 0.55390625 0.0125 0.0796875
1 0.03984375 0.565625 0.01328125 0.08671875
1 0.4 0.60390625 0.015625 0.159375
3 0.4859375 0.44765625 0.0140625 0.075
1 0.17109375 0.51953125 0.00859375 0.0609375
1 0.1203125 0.53671875 0.01171875 0.071875
1 0.09765625 0.54296875 0.0109375 0.0734375
1 0.00625 0.5734375 0.0125 0.090625
1 0.1375 0.53203125 0.01171875 0.0703125
2 0.38984375 0.42109375 0.1359375 0.2140625
1 0.15546875 0.52578125 0.01171875 0.06875
1 0.22734375 0.50234375 0.00859375 0.04609375
1 0.23671875 0.49765625 0.00859375 0.04609375
1 0.2484375 0.49453125 0.00859375 0.04453125
1 0.2546875 0.49140625 0.00625 0.04375
1 0.2703125 0.48515625 0.00546875 0.040625
1 0.27890625 0.48203125 0.00625 0.03828125
1 0.28671875 0.48046875 0.00625 0.0359375
3 0.2953125 0.4109375 0.00859375 0.0359375
3 0.2828125 0.43203125 0.00859375 0.04609375
1 0.43046875 0.5359375 0.01015625 0.1046875
1 0.26171875 0.48828125 0.00625 0.04375
3 0.14296875 0.490625 0.034375 0.13828125
1 0.4171875 0.56328125 0.01484375 0.1265625
1 0.2015625 0.5109375 0.00859375 0.0546875
1 0.1859375 0.51875 0.009375 0.0546875
1 0.21328125 0.50625 0.00859375 0.053125
1 0.4453125 0.50390625 0.00859375 0.078125
3 0.4640625 0.440625 0.01015625 0.06015625
3 0.5234375 0.4375 0.0140625 0.05859375
1 0.3671875 0.66875 0.0203125 0.221875