3 0.59453125 0.50390625 0.02734375 0.16875
2 0.92109375 0.4171875 0.15703125 0.153125
3 0.52421875 0.53359375 0.0453125 0.24921875
2 0.6859375 0.440625 0.0296875 0.03125
3 0.575 0.45078125 0.0109375 0.0453125
2 0.50859375 0.48046875 0.05234375 0.08125
2 0.8109375 0.43359375 0.0375 0.0296875
2 0.765625 0.45078125 0.04921875 0.0453125
3 0.54921875 0.49453125 0.03125 0.16953125
3 0.69375 0.51171875 0.0265625 0.16328125
3 0.6421875 0.521875 0.0390625 0.246875
3 0.62578125 0.5171875 0.0328125 0.209375
2 0.97890625 0.47421875 0.0421875 0.0859375