2 0.221875 0.41953125 0.17734375 0.12109375
1 0.71171875 0.54609375 0.0109375 0.10390625
2 0.90078125 0.33046875 0.19765625 0.22109375
2 0.8 0.32421875 0.084375 0.059375
2 0.35703125 0.36640625 0.07578125 0.06015625
2 0.54140625 0.328125 0.24921875 0.16484375
1 0.62421875 0.4921875 0.009375 0.08203125
1 0.671875 0.5171875 0.009375 0.09453125
3 0.46953125 0.37421875 0.0125 0.146875
3 0.4984375 0.40703125 0.01875 0.11796875
1 0.590625 0.47421875 0.00703125 0.075
2 0.26796875 0.36875 0.08046875 0.0546875
2 0.225 0.32578125 0.13203125 0.10078125
2 0.23984375 0.53828125 0.31484375 0.2234375