2 0.7859375 0.5265625 0.08984375 0.08203125
2 0.184375 0.71328125 0.36875 0.36875
3 0.4359375 0.6015625 0.05859375 0.1546875
3 0.696875 0.57421875 0.0390625 0.18046875
2 0.84765625 0.5609375 0.15625 0.15
2 0.95 0.603125 0.09921875 0.20390625
3 0.665625 0.5625 0.0359375 0.153125
3 0.4828125 0.56015625 0.025 0.14921875
1 0.6390625 0.62578125 0.01484375 0.08671875
2 0.6890625 0.49375 0.1453125 0.19296875
2 0.540625 0.60546875 0.13671875 0.18359375
3 0.6578125 0.58125 0.03515625 0.1703125
3 0.596875 0.65625 0.071875 0.35625