2 0.88515625 0.41640625 0.13671875 0.109375
3 0.36796875 0.44140625 0.03046875 0.16015625
3 0.08828125 0.58046875 0.0953125 0.50625
3 0.18359375 0.49609375 0.0734375 0.3234375
3 0.33671875 0.43671875 0.03203125 0.146875
4 0.94921875 0.6125 0.1015625 0.26875
0 0.80546875 0.5140625 0.16796875 0.18984375
2 0.953125 0.34140625 0.09375 0.0734375
3 0.49921875 0.434375 0.01796875 0.09140625
0 0.70859375 0.4671875 0.09453125 0.103125
3 0.5296875 0.421875 0.01171875 0.0484375
3 0.53984375 0.428125 0.01171875 0.06484375
3 0.4609375 0.49453125 0.06484375 0.35625
3 0.14140625 0.47265625 0.05234375 0.29453125