3 0.5796875 0.26875 0.0140625 0.08046875
3 0.49296875 0.26015625 0.01171875 0.06171875
4 0.2359375 0.46953125 0.046875 0.16875
3 0.534375 0.31328125 0.04140625 0.1953125
3 0.590625 0.25703125 0.01328125 0.071875
3 0.175 0.46953125 0.10625 0.178125
3 0.59609375 0.3515625 0.05390625 0.10703125
3 0.56328125 0.29609375 0.03046875 0.1484375
3 0.12734375 0.43203125 0.14140625 0.309375
4 0.34921875 0.359375 0.09609375 0.2234375
3 0.609375 0.25390625 0.015625 0.0765625
3 0.7453125 0.5046875 0.2375 0.990625