2 0.621875 0.56640625 0.12578125 0.08984375
2 0.4078125 0.546875 0.05078125 0.06328125
0 0.6328125 0.74921875 0.10703125 0.32109375
3 0.371875 0.5375 0.01015625 0.04921875
3 0.35859375 0.53359375 0.0109375 0.05546875
3 0.521875 0.5421875 0.0140625 0.0640625
3 0.5359375 0.54296875 0.01328125 0.0640625
3 0.5515625 0.5484375 0.015625 0.06875
2 0.8640625 0.60390625 0.271875 0.14453125
3 0.78515625 0.57109375 0.01640625 0.0890625
3 0.7390625 0.54921875 0.0125 0.078125
3 0.715625 0.54921875 0.01796875 0.084375
2 0.4640625 0.5609375 0.0984375 0.065625
0 0.45 0.70234375 0.13984375 0.22109375
0 0.72578125 0.78046875 0.128125 0.3
0 0.90390625 0.815625 0.109375 0.36875
3 0.046875 0.59453125 0.05703125 0.23671875
3 0.0125 0.60078125 0.0234375 0.228125
2 0.25703125 0.55859375 0.1296875 0.109375
2 0.48515625 0.5125 0.09296875 0.07578125
3 0.80546875 0.5625 0.02109375 0.09921875