3 0.00390625 0.3171875 0.0078125 0.059375
3 0.08046875 0.31328125 0.00859375 0.05625
3 0.04765625 0.31875 0.01328125 0.059375
1 0.23515625 0.33671875 0.01015625 0.02890625
3 0.03359375 0.31640625 0.01171875 0.05703125
3 0.071875 0.3140625 0.01328125 0.059375
3 0.0109375 0.32578125 0.0125 0.065625
1 0.153125 0.34296875 0.0125 0.02890625
1 0.18515625 0.33984375 0.01171875 0.02890625
1 0.11484375 0.3453125 0.01015625 0.02890625
1 0.06484375 0.3484375 0.009375 0.02890625
3 0.27578125 0.3046875 0.01015625 0.06328125
3 0.3078125 0.34296875 0.02734375 0.14453125
1 0.278125 0.33359375 0.00859375 0.0265625