1 0.41875 0.57421875 0.02734375 0.04921875
2 0.49140625 0.42734375 0.10703125 0.08984375
2 0.96328125 0.4078125 0.0734375 0.125
2 0.6421875 0.4140625 0.13515625 0.09140625
2 0.92265625 0.39453125 0.1546875 0.0953125
1 0.6859375 0.60859375 0.03515625 0.06953125
2 0.396875 0.44453125 0.078125 0.05078125
2 0.18828125 0.44765625 0.11015625 0.07890625
2 0.23984375 0.46796875 0.1015625 0.06640625
2 0.28984375 0.45703125 0.10703125 0.065625
2 0.871875 0.4390625 0.1515625 0.08984375
1 0.6765625 0.57734375 0.0296875 0.05546875
0 0.0484375 0.603125 0.09609375 0.19140625