3 0.4546875 0.46875 0.01640625 0.078125
2 0.96328125 0.48046875 0.07265625 0.10390625
2 0.77734375 0.46796875 0.0625 0.0703125
3 0.8953125 0.65 0.20625 0.7
3 0.5546875 0.5109375 0.03359375 0.16875
3 0.51640625 0.51015625 0.0265625 0.15625
3 0.53515625 0.53828125 0.04609375 0.25859375
3 0.4140625 0.49765625 0.02421875 0.1234375
3 0.4390625 0.49609375 0.0265625 0.134375
3 0.3796875 0.53359375 0.06328125 0.29921875
3 0.303125 0.5203125 0.05859375 0.2953125
3 0.46328125 0.47109375 0.0125 0.0703125
2 0.62421875 0.43515625 0.09765625 0.1703125