3 0.54375 0.33515625 0.01015625 0.053125
3 0.48125 0.35 0.00859375 0.0484375
3 0.471875 0.3515625 0.009375 0.0453125
3 0.48671875 0.35 0.00703125 0.04609375
3 0.49296875 0.3515625 0.0078125 0.04375
3 0.50625 0.346875 0.00859375 0.046875
1 0.6078125 0.371875 0.01640625 0.0484375
2 0.425 0.33671875 0.0609375 0.08671875
2 0.61171875 0.34453125 0.05625 0.09921875
2 0.565625 0.33203125 0.02421875 0.04296875
2 0.82421875 0.6 0.35078125 0.60703125
3 0.19140625 0.31171875 0.02421875 0.10859375
2 0.05 0.34140625 0.1 0.5140625
2 0.359375 0.33203125 0.12421875 0.14296875
2 0.53203125 0.325 0.02109375 0.03125
3 0.55546875 0.34375 0.00625 0.03203125