1 0.47578125 0.1875 0.0046875 0.040625
2 0.359375 0.140625 0.02265625 0.03359375
3 0.39140625 0.18203125 0.01484375 0.08671875
3 0.39921875 0.19375 0.01171875 0.06875
1 0.36484375 0.203125 0.0046875 0.05703125
1 0.3734375 0.20078125 0.00625 0.053125
1 0.38203125 0.19453125 0.00390625 0.05390625
1 0.553125 0.1890625 0.00390625 0.0390625
2 0.33125 0.146875 0.02734375 0.025
2 0.2328125 0.1359375 0.0453125 0.06015625
2 0.0421875 0.159375 0.084375 0.078125
2 0.1875 0.15546875 0.0640625 0.05390625
2 0.275 0.15078125 0.0421875 0.03828125
2 0.3703125 0.146875 0.021875 0.02421875
1 0.44140625 0.18828125 0.00390625 0.04375
1 0.5140625 0.1890625 0.0046875 0.040625