2 0.5046875 0.36328125 0.06640625 0.103125
2 0.48671875 0.35703125 0.05703125 0.08046875
2 0.7859375 0.36796875 0.0828125 0.0609375
3 0.96796875 0.38984375 0.02421875 0.1015625
3 0.61640625 0.55 0.11640625 0.41953125
3 0.665625 0.5890625 0.115625 0.54921875
2 0.62890625 0.4515625 0.2140625 0.228125
2 0.8671875 0.38046875 0.07265625 0.1015625
2 0.5546875 0.3921875 0.09296875 0.11953125
2 0.91796875 0.7671875 0.1640625 0.465625
3 0.40234375 0.33828125 0.01171875 0.05390625
1 0.26953125 0.4265625 0.01171875 0.090625