3 0.5359375 0.49609375 0.00859375 0.04453125
3 0.52109375 0.503125 0.0078125 0.04296875
1 0.253125 0.6703125 0.01171875 0.09453125
1 0.12578125 0.60625 0.01015625 0.075
1 0.2765625 0.590625 0.0078125 0.06171875
3 0.49765625 0.51015625 0.01484375 0.065625
1 0.4734375 0.68046875 0.015625 0.11328125
1 0.74765625 0.69453125 0.0171875 0.12578125
1 0.4921875 0.58203125 0.0078125 0.0640625
1 0.6046875 0.68828125 0.01640625 0.1234375
1 0.553125 0.58359375 0.0078125 0.06171875
1 0.60546875 0.5765625 0.0078125 0.0546875
3 0.52734375 0.496875 0.00703125 0.034375
3 0.54453125 0.49921875 0.0109375 0.0390625
1 0.35078125 0.59453125 0.00859375 0.059375
1 0.23359375 0.60625 0.01015625 0.07578125
2 0.6640625 0.49453125 0.02421875 0.028125
2 0.77578125 0.553125 0.1265625 0.1609375
2 0.6234375 0.5109375 0.04375 0.059375
2 0.71328125 0.5421875 0.090625 0.0984375
2 0.9109375 0.6109375 0.178125 0.33984375