3 0.5015625 0.509375 0.01328125 0.04453125
3 0.5265625 0.5125 0.00859375 0.046875
1 0.65546875 0.86171875 0.04140625 0.27578125
2 0.95546875 0.528125 0.0890625 0.075
0 0.5671875 0.57890625 0.04296875 0.11484375
2 0.90234375 0.52578125 0.07265625 0.0640625
2 0.93359375 0.7875 0.13203125 0.425
1 0.71875 0.94765625 0.05625 0.1046875
3 0.5015625 0.52109375 0.0171875 0.08203125
3 0.5359375 0.5140625 0.00859375 0.0484375
2 0.7125 0.57890625 0.10546875 0.15625
2 0.81875 0.6484375 0.2375 0.28125
3 0.55625 0.51171875 0.01015625 0.05390625
3 0.54609375 0.51484375 0.009375 0.0453125