3 0.39765625 0.42578125 0.01484375 0.09453125
2 0.32421875 0.40625 0.071875 0.0890625
2 0.17734375 0.3984375 0.18984375 0.21875
4 0.6640625 0.72578125 0.21953125 0.5484375
4 0.43046875 0.4359375 0.05390625 0.059375
0 0.3671875 0.53046875 0.05546875 0.15859375
2 0.85234375 0.453125 0.16953125 0.11484375
3 0.3703125 0.47109375 0.05234375 0.23125
2 0.96328125 0.4265625 0.0734375 0.171875
2 0.28515625 0.38671875 0.06875 0.07421875
2 0.63671875 0.4328125 0.06484375 0.075
3 0.6578125 0.434375 0.01640625 0.08125