2 0.66875 0.465625 0.1171875 0.1546875
3 0.98125 0.4734375 0.01953125 0.08359375
3 0.18125 0.53984375 0.03359375 0.15546875
3 0.52890625 0.50390625 0.01640625 0.09140625
3 0.25703125 0.5359375 0.02421875 0.14296875
3 0.41328125 0.51796875 0.02578125 0.13125
2 0.73046875 0.4609375 0.07890625 0.11875
3 0.93515625 0.48046875 0.01875 0.0859375
3 0.31171875 0.5375 0.0375 0.13984375
2 0.8234375 0.45703125 0.08828125 0.08125
3 0.28125 0.540625 0.0171875 0.13359375
3 0.97265625 0.46328125 0.0203125 0.09140625
3 0.278125 0.5359375 0.02578125 0.134375
3 0.553125 0.5 0.0296875 0.096875