1 0.56796875 0.48203125 0.01015625 0.040625
1 0.5171875 0.453125 0.00546875 0.04609375
1 0.61171875 0.51484375 0.021875 0.06640625
1 0.48046875 0.45703125 0.00625 0.04453125
1 0.65390625 0.5484375 0.03046875 0.0859375
1 0.440625 0.46484375 0.00625 0.04296875
3 0.634375 0.48671875 0.05703125 0.18359375
3 0.25859375 0.5140625 0.0703125 0.15078125
1 0.41015625 0.465625 0.00625 0.04296875
1 0.73046875 0.6125 0.05703125 0.128125
1 0.5859375 0.49453125 0.01328125 0.04921875
1 0.55546875 0.47265625 0.009375 0.034375
1 0.91875 0.76640625 0.15078125 0.2640625