3 0.19296875 0.6515625 0.01953125 0.134375
3 0.28671875 0.646875 0.0171875 0.13046875
2 0.8453125 0.55625 0.30859375 0.1734375
2 0.359375 0.621875 0.0578125 0.0859375
2 0.91953125 0.62890625 0.1609375 0.1640625
3 0.215625 0.63359375 0.01796875 0.09453125
4 0.31328125 0.65 0.028125 0.09140625
2 0.465625 0.56875 0.1421875 0.2765625
3 0.65625 0.6125 0.00859375 0.05859375
3 0.6484375 0.60546875 0.0078125 0.0515625
3 0.64296875 0.6046875 0.01015625 0.05390625
3 0.2390625 0.634375 0.021875 0.0796875
3 0.66484375 0.60703125 0.009375 0.0546875
3 0.259375 0.63828125 0.01796875 0.0734375
3 0.27109375 0.64140625 0.01640625 0.071875
2 0.75390625 0.60390625 0.14765625 0.1