2 0.3 0.41015625 0.07109375 0.08515625
3 0.43984375 0.39609375 0.01796875 0.08359375
1 0.43125 0.428125 0.00703125 0.0484375
4 0.41171875 0.403125 0.03828125 0.0734375
3 0.4703125 0.39453125 0.015625 0.07890625
3 0.17578125 0.6015625 0.11484375 0.60703125
2 0.35703125 0.390625 0.05078125 0.06328125
3 0.45234375 0.39609375 0.01640625 0.08203125
1 0.4921875 0.4453125 0.01015625 0.065625
1 0.190625 0.93359375 0.08515625 0.13203125
3 0.3921875 0.446875 0.034375 0.17421875
0 0.28671875 0.48125 0.10234375 0.1234375