2 0.82890625 0.3890625 0.0296875 0.034375
2 0.77578125 0.38203125 0.02109375 0.02421875
1 0.59296875 0.44375 0.00390625 0.04296875
1 0.5484375 0.4453125 0.00390625 0.04296875
2 0.8515625 0.3875 0.03671875 0.04375
2 0.8125 0.3859375 0.02578125 0.0296875
1 0.63359375 0.4390625 0.0046875 0.04296875
2 0.88515625 0.39375 0.04765625 0.04296875
2 0.6765625 0.4015625 0.0328125 0.04609375
2 0.98203125 0.4015625 0.03515625 0.071875
1 0.34921875 0.75078125 0.02734375 0.221875
2 0.059375 0.6140625 0.11875 0.2140625
1 0.63515625 0.7890625 0.0328125 0.23515625