1 0.6546875 0.55078125 0.01015625 0.10546875
3 0.85390625 0.4140625 0.0125 0.04375
2 0.875 0.42109375 0.03671875 0.04140625
1 0.61015625 0.53046875 0.00859375 0.09296875
1 0.76484375 0.615625 0.01484375 0.15
2 0.46875 0.43125 0.09453125 0.0609375
2 0.37109375 0.44921875 0.140625 0.09140625
1 0.41484375 0.490625 0.00546875 0.06484375
1 0.3296875 0.47421875 0.00546875 0.05859375
1 0.7078125 0.57578125 0.0125 0.12421875
1 0.4640625 0.496875 0.00625 0.06640625
1 0.3703125 0.4828125 0.00546875 0.06328125
3 0.29453125 0.45390625 0.021875 0.13515625
3 0.68203125 0.51953125 0.04453125 0.27109375
2 0.934375 0.40078125 0.13046875 0.19609375