2 0.89453125 0.48203125 0.06484375 0.03671875
2 0.6828125 0.4828125 0.0703125 0.0453125
3 0.68203125 0.50078125 0.02265625 0.07890625
1 0.7890625 0.52890625 0.00625 0.04453125
3 0.55703125 0.5015625 0.01640625 0.08046875
3 0.628125 0.49921875 0.02109375 0.07421875
3 0.69296875 0.5046875 0.025 0.0859375
3 0.61171875 0.50546875 0.02578125 0.084375
2 0.98125 0.4859375 0.03671875 0.05703125
3 0.55234375 0.49921875 0.0140625 0.078125
1 0.84609375 0.54140625 0.00859375 0.0515625
1 0.81484375 0.53515625 0.00625 0.0484375
3 0.6546875 0.50078125 0.01796875 0.06875
2 0.8203125 0.48671875 0.08984375 0.046875
2 0.5875 0.4921875 0.08125 0.05
2 0.4375 0.46328125 0.184375 0.13203125
2 0.7625 0.48359375 0.05390625 0.03828125