2 0.359375 0.42890625 0.02265625 0.0296875
2 0.4421875 0.45234375 0.03203125 0.05546875
2 0.41875 0.409375 0.015625 0.01875
2 0.26640625 0.44921875 0.05 0.059375
2 0.1640625 0.4828125 0.09296875 0.07890625
2 0.4140625 0.4703125 0.0578125 0.07421875
2 0.225 0.459375 0.06640625 0.0734375
2 0.08828125 0.753125 0.17578125 0.33203125
2 0.325 0.52109375 0.1203125 0.15078125
2 0.34375 0.42890625 0.0265625 0.0390625
2 0.32734375 0.43203125 0.0359375 0.04375
2 0.303125 0.440625 0.04609375 0.05078125
2 0.07265625 0.54375 0.14453125 0.225