2 0.26015625 0.6421875 0.059375 0.05546875
2 0.38125 0.6234375 0.03203125 0.02578125
2 0.06015625 0.65078125 0.1203125 0.090625
2 0.30703125 0.62890625 0.03984375 0.03359375
2 0.27890625 0.63046875 0.05234375 0.0390625
2 0.1140625 0.653125 0.0953125 0.06796875
2 0.45625 0.625 0.03515625 0.0515625
2 0.15859375 0.64375 0.08203125 0.06640625
2 0.07421875 0.7859375 0.1484375 0.428125
2 0.4328125 0.63828125 0.0421875 0.06015625
2 0.32421875 0.62578125 0.03671875 0.03203125
2 0.18828125 0.64296875 0.071875 0.05390625
3 0.5265625 0.671875 0.0265625 0.15625
2 0.35546875 0.62265625 0.04140625 0.03359375