3 0.5015625 0.571875 0.03515625 0.15
3 0.27734375 0.61328125 0.03203125 0.15703125
3 0.534375 0.5671875 0.03046875 0.15078125
3 0.490625 0.55625 0.0296875 0.146875
3 0.3875 0.5734375 0.01953125 0.1109375
2 0.390625 0.56328125 0.06328125 0.08203125
2 0.79375 0.65234375 0.4125 0.3453125
3 0.40390625 0.58046875 0.01953125 0.0953125
2 0.25390625 0.61796875 0.14453125 0.15390625
2 0.83671875 0.58046875 0.3234375 0.8390625
2 0.42890625 0.54609375 0.04609375 0.05703125
2 0.76875 0.59375 0.4015625 0.31328125
2 0.75546875 0.54453125 0.33203125 0.21875
2 0.03515625 0.86171875 0.0703125 0.2765625