1 0.25078125 0.48515625 0.009375 0.0984375
2 0.3984375 0.39609375 0.0625 0.0359375
4 0.6046875 0.4203125 0.02265625 0.06015625
2 0.2453125 0.3953125 0.0515625 0.0609375
3 0.5453125 0.4765625 0.03984375 0.2359375
2 0.15390625 0.365625 0.03359375 0.03203125
1 0.45234375 0.4546875 0.00703125 0.06328125
1 0.6546875 0.48203125 0.0109375 0.09296875
1 0.3640625 0.4859375 0.009375 0.09296875
1 0.74921875 0.47734375 0.01328125 0.08125
1 0.47265625 0.48203125 0.009375 0.08828125
1 0.57734375 0.44921875 0.00703125 0.0546875
1 0.7328125 0.4640625 0.01328125 0.0359375
1 0.7859375 0.48046875 0.015625 0.04453125
1 0.3109375 0.4515625 0.00703125 0.0640625
2 0.2125 0.36796875 0.02890625 0.03203125
2 0.034375 0.35390625 0.03984375 0.03203125
1 0.3875 0.4515625 0.00625 0.06328125