1 0.79765625 0.2859375 0.0046875 0.04609375
2 0.98515625 0.225 0.0296875 0.08828125
1 0.74296875 0.275 0.00390625 0.03515625
1 0.70703125 0.2703125 0.00234375 0.03046875
1 0.71875 0.271875 0.00234375 0.03203125
1 0.72734375 0.26953125 0.00234375 0.03125
1 0.73046875 0.27421875 0.00390625 0.03359375
1 0.753125 0.26953125 0.00234375 0.03359375
1 0.78125 0.26953125 0.00390625 0.03671875
1 0.75859375 0.27734375 0.00546875 0.03828125
1 0.77578125 0.28125 0.00546875 0.040625
1 0.8515625 0.26640625 0.02109375 0.06171875
1 0.83359375 0.26640625 0.01953125 0.05859375
1 0.92421875 0.2578125 0.03515625 0.06015625
1 0.88984375 0.25859375 0.0328125 0.05625
2 0.9109375 0.24140625 0.11015625 0.0703125