2 0.29453125 0.46171875 0.07109375 0.05625
2 0.20859375 0.46953125 0.11484375 0.1015625
2 0.35859375 0.44296875 0.05390625 0.0546875
2 0.3890625 0.41171875 0.05078125 0.05546875
2 0.4109375 0.4390625 0.03828125 0.04140625
2 0.3140625 0.54921875 0.18984375 0.18125
2 0.096875 0.540625 0.19375 0.175
3 0.58671875 0.425 0.01328125 0.0703125
3 0.9640625 0.4234375 0.040625 0.21796875
1 0.978125 0.88828125 0.04140625 0.2234375
1 0.440625 0.8921875 0.03671875 0.215625
3 0.503125 0.4734375 0.02421875 0.1296875