2 0.23671875 0.40390625 0.04296875 0.03828125
3 0.40546875 0.43359375 0.02265625 0.128125
1 0.5265625 0.54765625 0.01796875 0.11796875
1 0.6671875 0.546875 0.01953125 0.1234375
1 0.38203125 0.54140625 0.015625 0.10078125
2 0.05859375 0.415625 0.07734375 0.0546875
2 0.1390625 0.40625 0.05546875 0.046875
4 0.0515625 0.61484375 0.10234375 0.30390625
3 0.0078125 0.42734375 0.015625 0.084375
2 0.10859375 0.4015625 0.059375 0.05625
3 0.21953125 0.43671875 0.02421875 0.128125
2 0.3734375 0.38203125 0.03984375 0.0609375
3 0.340625 0.45 0.03125 0.15703125
3 0.4375 0.44140625 0.04140625 0.16796875
2 0.32265625 0.3984375 0.025 0.03046875
4 0.95078125 0.58671875 0.09765625 0.28359375
3 0.42265625 0.45390625 0.03515625 0.165625