2 0.0796875 0.41484375 0.10234375 0.08359375
3 0.9203125 0.41171875 0.03046875 0.15390625
3 0.41328125 0.45390625 0.03828125 0.16171875
2 0.825 0.453125 0.18046875 0.16328125
2 0.6640625 0.45078125 0.14140625 0.1765625
2 0.33515625 0.39296875 0.04765625 0.03984375
2 0.28828125 0.4015625 0.04296875 0.03515625
2 0.23984375 0.40546875 0.0546875 0.0453125
2 0.371875 0.440625 0.06953125 0.1046875
2 0.1328125 0.41953125 0.08984375 0.06015625
3 0.45 0.4484375 0.0375 0.17109375
3 0.48984375 0.4140625 0.01015625 0.06796875
2 0.95859375 0.38984375 0.08125 0.121875
2 0.0375 0.4234375 0.07421875 0.08828125
2 0.18359375 0.41171875 0.07421875 0.05859375