3 0.3703125 0.434375 0.01328125 0.0703125
2 0.06953125 0.4546875 0.13828125 0.18828125
3 0.45703125 0.4359375 0.01484375 0.0734375
2 0.521875 0.43125 0.04609375 0.0390625
2 0.62890625 0.44453125 0.0625 0.046875
2 0.68359375 0.44453125 0.05546875 0.04453125
2 0.784375 0.45703125 0.065625 0.06875
0 0.45390625 0.8734375 0.23203125 0.253125
3 0.4125 0.440625 0.01484375 0.0734375
4 0.63046875 0.8421875 0.2203125 0.315625
2 0.23828125 0.4296875 0.15859375 0.09921875
4 0.85859375 0.75625 0.28203125 0.48671875
3 0.4 0.4375 0.0109375 0.06875
0 0.275 0.87109375 0.2484375 0.25703125