2 0.7375 0.41640625 0.03671875 0.0265625
1 0.32734375 0.46171875 0.0046875 0.0453125
3 0.45546875 0.415625 0.01171875 0.0515625
3 0.990625 0.42109375 0.0140625 0.0640625
1 0.175 0.7609375 0.09140625 0.14375
1 0.4875 0.53046875 0.01171875 0.11328125
1 0.58125 0.58515625 0.01484375 0.15703125
1 0.78125 0.85859375 0.04453125 0.28203125
2 0.83828125 0.428125 0.04921875 0.04296875
1 0.390625 0.46640625 0.0046875 0.04609375
1 0.359375 0.5640625 0.0375 0.0640625
1 0.46640625 0.46953125 0.00546875 0.04921875
1 0.29921875 0.62890625 0.05546875 0.08671875
2 0.80390625 0.42421875 0.04296875 0.03671875