1 0.79765625 0.3546875 0.009375 0.06640625
1 0.9875 0.3765625 0.01171875 0.0859375
1 0.846875 0.36328125 0.0109375 0.0703125
2 0.47265625 0.33359375 0.04921875 0.034375
3 0.4171875 0.34765625 0.02578125 0.14140625
3 0.23984375 0.39921875 0.05859375 0.28671875
3 0.12578125 0.38203125 0.05546875 0.2796875
3 0.16640625 0.396875 0.04921875 0.2640625
3 0.43359375 0.34921875 0.0265625 0.1453125
1 0.909375 0.375 0.01171875 0.06875
1 0.80703125 0.34765625 0.00703125 0.06171875
1 0.88203125 0.32734375 0.00859375 0.06171875
1 0.75859375 0.35390625 0.00859375 0.05859375