1 0.28984375 0.49921875 0.01015625 0.06796875
2 0.11171875 0.39765625 0.2234375 0.1953125
1 0.2390625 0.503125 0.0109375 0.0703125
1 0.73125 0.43359375 0.00546875 0.0484375
1 0.14296875 0.50625 0.0109375 0.06875
3 0.46796875 0.634375 0.08515625 0.3953125
1 0.5890625 0.43984375 0.00625 0.04296875
1 0.54296875 0.44296875 0.00703125 0.04375
1 0.5078125 0.734375 0.02734375 0.19140625
2 0.84609375 0.4234375 0.16015625 0.0984375
1 0.1921875 0.50390625 0.01171875 0.06875
1 0.04375 0.509375 0.01171875 0.06875
1 0.33984375 0.4984375 0.01015625 0.06796875
1 0.6359375 0.43984375 0.00546875 0.04296875
1 0.28359375 0.73125 0.03125 0.18671875
1 0.09140625 0.5078125 0.01015625 0.06875
3 0.65703125 0.41328125 0.01328125 0.08828125
1 0.7484375 0.74609375 0.02890625 0.20625
3 0.97734375 0.66328125 0.0453125 0.4453125