2 0.42421875 0.28984375 0.02109375 0.02578125
1 0.1921875 0.63359375 0.03359375 0.2234375
1 0.37890625 0.5125 0.0203125 0.134375
2 0.3578125 0.29609375 0.02421875 0.025
3 0.56953125 0.3015625 0.01171875 0.06015625
2 0.45234375 0.29453125 0.021875 0.03046875
2 0.2359375 0.31875 0.053125 0.04453125
2 0.10859375 0.3265625 0.084375 0.07578125
2 0.2703125 0.32890625 0.05078125 0.06015625
1 0.04375 0.7578125 0.0578125 0.30390625
1 0.29375 0.56171875 0.03046875 0.16796875
0 0.5640625 0.42421875 0.08046875 0.11484375
1 0.45546875 0.47109375 0.0171875 0.1234375