3 0.85390625 0.2203125 0.01640625 0.0796875
1 0.6296875 0.57890625 0.040625 0.33984375
1 0.221875 0.68046875 0.05234375 0.43203125
1 0.9421875 0.53984375 0.053125 0.31015625
1 0.5359375 0.2546875 0.0078125 0.065625
2 0.96328125 0.265625 0.0734375 0.121875
2 0.29140625 0.18359375 0.02265625 0.02578125
2 0.26328125 0.1859375 0.03046875 0.01953125
1 0.29921875 0.246875 0.00859375 0.0640625
1 0.27578125 0.21953125 0.00859375 0.03125
1 0.41015625 0.2515625 0.00546875 0.06328125
1 0.35234375 0.24921875 0.00703125 0.06484375
1 0.46875 0.25390625 0.00546875 0.0640625
1 0.6640625 0.25078125 0.00859375 0.06328125
1 0.60078125 0.2546875 0.00703125 0.0640625