2 0.85546875 0.44921875 0.2890625 0.2109375
2 0.40546875 0.42578125 0.06875 0.07109375
2 0.08984375 0.51953125 0.17890625 0.30390625
2 0.50078125 0.41015625 0.03984375 0.03515625
3 0.77421875 0.5671875 0.07265625 0.34921875
3 0.45078125 0.421875 0.01484375 0.078125
3 0.49921875 0.41328125 0.00859375 0.0453125
2 0.9109375 0.55625 0.178125 0.26171875
2 0.46171875 0.41953125 0.04609375 0.053125
2 0.578125 0.41171875 0.02890625 0.0453125
2 0.93671875 0.63828125 0.12578125 0.33671875
2 0.7984375 0.440625 0.23203125 0.18125
1 0.3046875 0.45625 0.01328125 0.0390625