3 0.3375 0.28828125 0.01796875 0.08828125
2 0.4875 0.28671875 0.0390625 0.05390625
2 0.1078125 0.3359375 0.215625 0.290625
3 0.6734375 0.32421875 0.02265625 0.12421875
2 0.4265625 0.28984375 0.05703125 0.084375
3 0.61640625 0.29453125 0.02265625 0.096875
3 0.559375 0.2984375 0.01796875 0.09453125
3 0.5921875 0.296875 0.01640625 0.096875
3 0.575 0.31484375 0.02421875 0.10859375
3 0.70625 0.3359375 0.01796875 0.11796875
3 0.4625 0.290625 0.01484375 0.065625
3 0.35546875 0.28828125 0.01953125 0.0890625
2 0.2546875 0.32265625 0.13984375 0.18203125
2 0.3984375 0.29609375 0.0796875 0.0984375