3 0.16953125 0.54296875 0.06875 0.28359375
2 0.46640625 0.37890625 0.13046875 0.11796875
3 0.3234375 0.47109375 0.053125 0.26015625
3 0.5703125 0.42265625 0.03515625 0.16796875
3 0.07109375 0.484375 0.0359375 0.12421875
4 0.875 0.36484375 0.01484375 0.0609375
3 0.7328125 0.31328125 0.00859375 0.05625
3 0.87890625 0.290625 0.0078125 0.04453125
3 0.9796875 0.28671875 0.01484375 0.06875
3 0.11015625 0.47890625 0.04140625 0.13203125
3 0.86796875 0.34453125 0.03828125 0.08984375
3 0.89296875 0.33046875 0.03046875 0.12890625
3 0.02578125 0.50859375 0.03984375 0.1796875
2 0.03828125 0.5859375 0.0765625 0.209375