2 0.58125 0.38359375 0.0421875 0.07578125
2 0.54453125 0.33203125 0.02265625 0.02890625
2 0.5109375 0.334375 0.04140625 0.07421875
2 0.72578125 0.45859375 0.1140625 0.10546875
3 0.95 0.44375 0.015625 0.06796875
2 0.47109375 0.3484375 0.0265625 0.0359375
3 0.8640625 0.4375 0.015625 0.06015625
3 0.91328125 0.465625 0.01796875 0.09296875
2 0.565625 0.32578125 0.02265625 0.02578125
3 0.9890625 0.47578125 0.021875 0.0984375
3 0.90390625 0.396875 0.01171875 0.0484375
3 0.85078125 0.43359375 0.0125 0.0640625