1 0.38046875 0.665625 0.08046875 0.1203125
1 0.5421875 0.61328125 0.0203125 0.18203125
3 0.60859375 0.4734375 0.00703125 0.03671875
3 0.47265625 0.50078125 0.03359375 0.17421875
3 0.4921875 0.5015625 0.0234375 0.11875
3 0.5109375 0.4890625 0.01640625 0.08828125
1 0.42578125 0.54609375 0.00703125 0.05
1 0.55703125 0.6640625 0.02890625 0.2359375
2 0.1125 0.7953125 0.225 0.409375
4 0.68125 0.475 0.025 0.04453125
2 0.596875 0.45546875 0.07734375 0.0546875
3 0.6359375 0.47734375 0.00703125 0.03984375