2 0.49375 0.340625 0.06171875 0.04296875
3 0.51171875 0.37578125 0.01953125 0.0984375
2 0.21953125 0.39296875 0.10546875 0.11875
2 0.2796875 0.36171875 0.046875 0.05546875
2 0.03203125 0.31953125 0.06328125 0.17890625
2 0.07890625 0.3640625 0.06171875 0.065625
2 0.05234375 0.42265625 0.1046875 0.1390625
2 0.14453125 0.3640625 0.109375 0.15
2 0.315625 0.3734375 0.046875 0.0546875
1 0.46484375 0.38671875 0.00546875 0.03359375
3 0.4921875 0.37578125 0.01875 0.1
4 0.43515625 0.4734375 0.04765625 0.175
2 0.38671875 0.3734375 0.040625 0.0546875
2 0.40859375 0.36015625 0.0390625 0.040625