3 0.41953125 0.35546875 0.009375 0.0546875
0 0.54375 0.46953125 0.06171875 0.16796875
2 0.91953125 0.37109375 0.1609375 0.1203125
3 0.403125 0.35625 0.009375 0.05625
3 0.43359375 0.36640625 0.01328125 0.08671875
2 0.8953125 0.33828125 0.11328125 0.09375
2 0.66328125 0.33203125 0.0328125 0.0296875
2 0.73984375 0.340625 0.0484375 0.04140625
3 0.4125 0.359375 0.009375 0.05390625
3 0.42734375 0.35234375 0.01171875 0.06015625
2 0.78984375 0.334375 0.06328125 0.046875
3 0.39609375 0.3515625 0.00859375 0.0546875