1 0.65703125 0.2828125 0.00546875 0.04375
1 0.66171875 0.28671875 0.00546875 0.04453125
1 0.69765625 0.31875 0.01015625 0.06796875
3 0.1765625 0.62578125 0.13359375 0.56171875
2 0.75625 0.23671875 0.04609375 0.04453125
3 0.09765625 0.5421875 0.1953125 0.915625
3 0.2109375 0.5203125 0.08515625 0.51640625
3 0.36875 0.4421875 0.08671875 0.4515625
3 0.31015625 0.56328125 0.1328125 0.67421875
3 0.23515625 0.2703125 0.02109375 0.0984375
1 0.71015625 0.32890625 0.01015625 0.071875
2 0.4171875 0.33359375 0.1515625 0.1703125
2 0.8953125 0.22421875 0.05859375 0.053125
1 0.7234375 0.3375 0.01171875 0.08203125
1 0.74140625 0.353125 0.01484375 0.09140625
2 0.94765625 0.225 0.06640625 0.053125
2 0.878125 0.5109375 0.24375 0.56875
1 0.68828125 0.309375 0.01015625 0.06328125
1 0.67265625 0.296875 0.00546875 0.0515625
1 0.66640625 0.29140625 0.00546875 0.0484375
3 0.28046875 0.47890625 0.10625 0.48046875
1 0.68046875 0.3015625 0.00546875 0.05546875
2 0.575 0.30390625 0.16484375 0.1890625
1 0.65234375 0.2796875 0.00390625 0.03984375