2 0.0609375 0.55625 0.121875 0.171875
1 0.884375 0.825 0.10546875 0.16484375
2 0.3203125 0.52734375 0.1 0.14375
2 0.359375 0.4671875 0.11953125 0.190625
1 0.6203125 0.56015625 0.03671875 0.05390625
1 0.6484375 0.540625 0.01484375 0.09140625
1 0.67734375 0.55703125 0.01328125 0.10546875
2 0.8515625 0.45234375 0.10390625 0.10859375
1 0.78984375 0.7296875 0.07578125 0.12109375
1 0.7625 0.61015625 0.01796875 0.14453125
1 0.7109375 0.58203125 0.01484375 0.125
1 0.7390625 0.68125 0.059375 0.09609375
2 0.484375 0.48125 0.07421875 0.0453125
2 0.784375 0.45390625 0.10390625 0.11171875
2 0.7171875 0.484375 0.1375 0.18203125
2 0.9375 0.459375 0.125 0.178125