3 0.4875 0.16796875 0.01328125 0.06953125
3 0.4359375 0.18125 0.02734375 0.13828125
3 0.39609375 0.2140625 0.04140625 0.24296875
0 0.615625 0.23203125 0.02734375 0.11796875
0 0.89296875 0.30625 0.09296875 0.21796875
3 0.465625 0.18046875 0.02734375 0.13828125
0 0.540625 0.23515625 0.03203125 0.13828125
3 0.41015625 0.2359375 0.06484375 0.32890625
0 0.7015625 0.23203125 0.05703125 0.13203125
2 0.88828125 0.18359375 0.08671875 0.06640625
0 0.96171875 0.34765625 0.0765625 0.2609375
0 0.79609375 0.26328125 0.05625 0.16953125