2 0.90234375 0.2734375 0.09609375 0.09453125
3 0.50625 0.3015625 0.01171875 0.05859375
3 0.49453125 0.303125 0.01328125 0.0546875
3 0.51796875 0.30390625 0.009375 0.046875
4 0.67578125 0.29609375 0.01328125 0.03046875
2 0.28984375 0.41171875 0.24921875 0.30546875
2 0.4640625 0.30859375 0.03203125 0.04296875
2 0.73984375 0.28984375 0.03828125 0.0359375
3 0.4859375 0.303125 0.00859375 0.05078125
2 0.4296875 0.32109375 0.0640625 0.09296875
2 0.7859375 0.28203125 0.05390625 0.05625
0 0.63359375 0.36875 0.03125 0.1265625
2 0.71328125 0.28984375 0.02890625 0.03359375
2 0.640625 0.290625 0.04453125 0.06328125
2 0.40625 0.3296875 0.08203125 0.11640625
4 0.03515625 0.42890625 0.0703125 0.31640625