3 0.5234375 0.390625 0.03828125 0.2453125
3 0.315625 0.39921875 0.06796875 0.2890625
3 0.50234375 0.30078125 0.015625 0.084375
2 0.8359375 0.55703125 0.32734375 0.484375
2 0.77265625 0.26640625 0.12734375 0.1109375
2 0.640625 0.35234375 0.11953125 0.16328125
2 0.7078125 0.30859375 0.065625 0.07109375
2 0.76953125 0.30625 0.0859375 0.084375
3 0.37734375 0.34296875 0.046875 0.16875
3 0.584375 0.36328125 0.053125 0.271875
3 0.47734375 0.36640625 0.03984375 0.2265625
3 0.4390625 0.3265625 0.03984375 0.1484375