2 0.796875 0.415625 0.18046875 0.11328125
1 0.65703125 0.45859375 0.01015625 0.0609375
1 0.73125 0.453125 0.009375 0.06015625
1 0.340625 0.47421875 0.00859375 0.0640625
1 0.4984375 0.46640625 0.009375 0.06171875
1 0.421875 0.46953125 0.00859375 0.059375
2 0.6015625 0.36796875 0.40234375 0.209375
2 0.328125 0.44375 0.18046875 0.10390625
1 0.2484375 0.4796875 0.00859375 0.0640625
4 0.92734375 0.5125 0.14296875 0.22109375
1 0.584375 0.4625 0.00703125 0.06015625
1 0.15546875 0.525 0.02890625 0.0890625
1 0.18828125 0.50703125 0.02578125 0.071875
1 0.7765625 0.5484375 0.03671875 0.065625
1 0.44453125 0.565625 0.03671875 0.065625