3 0.22265625 0.26640625 0.0421875 0.1984375
1 0.15234375 0.36171875 0.0203125 0.16484375
1 0.27734375 0.29296875 0.01171875 0.10078125
1 0.29921875 0.28046875 0.0109375 0.09140625
1 0.3171875 0.2734375 0.0078125 0.08203125
1 0.209375 0.33515625 0.0171875 0.1359375
0 0.16484375 0.27578125 0.06640625 0.0953125
3 0.01640625 0.1828125 0.01328125 0.0546875
3 0.16171875 0.24296875 0.03828125 0.1390625
3 0.25 0.278125 0.02890625 0.18671875
1 0.06796875 0.4046875 0.0296875 0.21171875
2 0.16875 0.196875 0.06484375 0.06328125