2 0.31328125 0.25546875 0.07734375 0.06640625
3 0.06484375 0.54921875 0.1296875 0.8921875
3 0.4 0.29609375 0.01875 0.10703125
3 0.77734375 0.40625 0.12265625 0.17890625
3 0.43125 0.34140625 0.0375 0.21328125
3 0.375 0.315625 0.03125 0.14609375
3 0.290625 0.303125 0.02890625 0.134375
3 0.48515625 0.47578125 0.09921875 0.40390625
3 0.33203125 0.29296875 0.02890625 0.128125
0 0.4234375 0.7203125 0.47578125 0.5296875
0 0.72421875 0.82734375 0.3484375 0.3453125
0 0.48828125 0.38828125 0.13203125 0.15078125
2 0.04140625 0.2453125 0.0828125 0.08125
3 0.41640625 0.3109375 0.02734375 0.14453125
3 0.2265625 0.2859375 0.02421875 0.1296875
0 0.15 0.315625 0.07109375 0.09609375
3 0.1171875 0.3109375 0.05234375 0.12421875