3 0.73671875 0.6984375 0.11953125 0.6
2 0.2828125 0.54609375 0.16328125 0.20703125
1 0.34375 0.66953125 0.0109375 0.09453125
2 0.20546875 0.5640625 0.05234375 0.04921875
1 0.365625 0.65078125 0.009375 0.08359375
1 0.27890625 0.72265625 0.01484375 0.1234375
3 0.31796875 0.634375 0.02890625 0.19375
1 0.02421875 0.59609375 0.0046875 0.0359375
2 0.14375 0.53671875 0.06640625 0.05703125
3 0.83046875 0.70859375 0.1390625 0.54296875
3 0.465625 0.6046875 0.02890625 0.25703125
2 0.12734375 0.5765625 0.08671875 0.0640625
3 0.2875 0.66875 0.04296875 0.28046875
3 0.225 0.68046875 0.04609375 0.3859375