1 0.68125 0.65703125 0.01328125 0.09375
1 0.72421875 0.68359375 0.01328125 0.125
1 0.803125 0.753125 0.02265625 0.1515625
2 0.6578125 0.55859375 0.12109375 0.08671875
2 0.91953125 0.725 0.16015625 0.33359375
2 0.509375 0.55078125 0.07421875 0.0546875
3 0.82265625 0.621875 0.03671875 0.22109375
2 0.5359375 0.540625 0.06796875 0.05078125
2 0.62734375 0.58671875 0.11484375 0.11640625
3 0.86796875 0.63671875 0.03828125 0.2296875
1 0.6515625 0.640625 0.01015625 0.078125
2 0.69765625 0.5359375 0.10546875 0.071875
2 0.42109375 0.54453125 0.03984375 0.03203125
3 0.63046875 0.5984375 0.025 0.1546875