2 0.7515625 0.28515625 0.1125 0.10390625
1 0.9234375 0.39453125 0.02109375 0.1
3 0.4625 0.2359375 0.00859375 0.06171875
3 0.90234375 0.26875 0.02109375 0.0953125
3 0.975 0.27890625 0.02734375 0.075
1 0.62421875 0.27421875 0.0046875 0.034375
1 0.6328125 0.2765625 0.00546875 0.0359375
2 0.10703125 0.45703125 0.21328125 0.39453125
2 0.18984375 0.2640625 0.34609375 0.21953125
2 0.66640625 0.25703125 0.0546875 0.07578125
2 0.13203125 0.3171875 0.2640625 0.35625
2 0.59765625 0.23515625 0.04921875 0.0296875
1 0.74140625 0.31875 0.01171875 0.059375
1 0.784375 0.334375 0.0140625 0.0703125
1 0.84296875 0.3609375 0.01640625 0.08125
1 0.646875 0.28125 0.0078125 0.03828125
1 0.6640625 0.2890625 0.00703125 0.04296875
1 0.68359375 0.296875 0.00859375 0.046875