2 0.22578125 0.53671875 0.18515625 0.0984375
2 0.27890625 0.53046875 0.159375 0.08203125
2 0.04140625 0.528125 0.0828125 0.0859375
2 0.6609375 0.49375 0.02421875 0.02421875
2 0.62734375 0.496875 0.02265625 0.02421875
2 0.59375 0.496875 0.0203125 0.025
2 0.309375 0.490625 0.0796875 0.05859375
3 0.5046875 0.4953125 0.00703125 0.034375
3 0.49609375 0.49375 0.00703125 0.03359375
3 0.46484375 0.49453125 0.00859375 0.0265625
3 0.43203125 0.49453125 0.0078125 0.02578125
3 0.54453125 0.49921875 0.0078125 0.03046875
2 0.64140625 0.49140625 0.0265625 0.03046875
2 0.1015625 0.484375 0.16484375 0.09609375