1 0.09765625 0.53046875 0.00546875 0.03515625
1 0.48984375 0.5359375 0.00546875 0.03359375
1 0.5171875 0.5359375 0.00546875 0.03359375
2 0.9359375 0.525 0.12734375 0.09140625
2 0.21796875 0.53203125 0.13046875 0.06953125
2 0.2796875 0.52109375 0.10234375 0.07421875
2 0.80703125 0.52734375 0.16640625 0.109375
1 0.55703125 0.53359375 0.0046875 0.0296875
1 0.584375 0.53359375 0.0046875 0.0296875
1 0.5421875 0.53515625 0.00546875 0.03359375
1 0.57421875 0.5359375 0.00546875 0.03359375
1 0.60546875 0.53515625 0.0046875 0.03203125
1 0.05 0.53203125 0.00546875 0.03515625
1 0.453125 0.53671875 0.00546875 0.03359375
1 0.00234375 0.5328125 0.0046875 0.03515625