2 0.8734375 0.58046875 0.16875 0.1609375
2 0.53125 0.553125 0.05703125 0.08515625
2 0.63046875 0.54140625 0.03828125 0.059375
2 0.76640625 0.496875 0.0703125 0.071875
2 0.646875 0.55390625 0.04140625 0.053125
2 0.56953125 0.55078125 0.05703125 0.03984375
2 0.61015625 0.53828125 0.03203125 0.046875
2 0.98203125 0.5515625 0.0359375 0.18671875
2 0.91796875 0.54140625 0.07109375 0.06484375
3 0.83359375 0.72734375 0.1453125 0.5453125
1 0.5125 0.628125 0.01640625 0.0484375
2 0.68046875 0.553125 0.071875 0.078125
2 0.74453125 0.56875 0.0953125 0.09140625