1 0.46796875 0.49921875 0.028125 0.265625
1 0.56953125 0.253125 0.0078125 0.05625
3 0.22109375 0.14765625 0.00859375 0.040625
1 0.45546875 0.25546875 0.00546875 0.053125
3 0.315625 0.171875 0.01171875 0.05703125
1 0.51015625 0.2546875 0.00546875 0.05546875
1 0.0546875 0.48671875 0.040625 0.25703125
1 0.6234375 0.25078125 0.00390625 0.05625
1 0.3515625 0.253125 0.00703125 0.05
4 0.7828125 0.21953125 0.04921875 0.0640625
1 0.2578125 0.49375 0.0296875 0.271875
1 0.275 0.240625 0.0078125 0.04921875
1 0.403125 0.25546875 0.0078125 0.05390625
1 0.88828125 0.50390625 0.02890625 0.2765625
1 0.68671875 0.5078125 0.0328125 0.2734375