3 0.5328125 0.3609375 0.01171875 0.0609375
2 0.7625 0.36640625 0.07109375 0.046875
3 0.67734375 0.44765625 0.03671875 0.21328125
3 0.70859375 0.446875 0.0296875 0.16796875
2 0.3921875 0.365625 0.08515625 0.05078125
2 0.6046875 0.35859375 0.03984375 0.03984375
2 0.04453125 0.40546875 0.0890625 0.096875
2 0.034375 0.35390625 0.06796875 0.0484375
3 0.521875 0.36640625 0.01015625 0.06328125
3 0.58359375 0.37265625 0.0125 0.06640625
3 0.3671875 0.428125 0.03046875 0.153125
3 0.32109375 0.49453125 0.06171875 0.26875
2 0.52578125 0.3484375 0.0625 0.06640625
2 0.96015625 0.38046875 0.07890625 0.0765625