2 0.1484375 0.671875 0.29609375 0.359375
3 0.5984375 0.57578125 0.03671875 0.125
3 0.69765625 0.59296875 0.03125 0.1734375
2 0.8296875 0.590625 0.14453125 0.13046875
1 0.609375 0.64140625 0.0109375 0.09453125
3 0.50546875 0.5359375 0.0140625 0.07421875
3 0.5359375 0.5671875 0.021875 0.15
3 0.49140625 0.58203125 0.0328125 0.175
2 0.8890625 0.7375 0.22109375 0.30078125
3 0.62421875 0.5640625 0.02109375 0.128125
1 0.421875 0.64140625 0.0125 0.096875
1 0.13125 0.96015625 0.0234375 0.0796875
1 0.67421875 0.63359375 0.01171875 0.0953125
3 0.69453125 0.5875 0.0390625 0.17421875
1 0.515625 0.65390625 0.0125 0.096875
3 0.67578125 0.5859375 0.02265625 0.14296875
3 0.4125 0.58359375 0.04453125 0.18671875