2 0.9890625 0.3609375 0.021875 0.1140625
3 0.57734375 0.384375 0.04140625 0.19296875
3 0.890625 0.34140625 0.01484375 0.07109375
3 0.58203125 0.365625 0.02890625 0.17890625
2 0.52421875 0.3015625 0.0390625 0.0546875
3 0.6421875 0.321875 0.02109375 0.07578125
3 0.6203125 0.315625 0.01875 0.06875
3 0.859375 0.32578125 0.01484375 0.0609375
3 0.80859375 0.334375 0.01484375 0.0765625
2 0.74765625 0.32890625 0.06015625 0.05859375
3 0.70546875 0.38046875 0.05234375 0.221875
3 0.33046875 0.3734375 0.040625 0.21953125
2 0.6046875 0.315625 0.05234375 0.06015625