3 0.3375 0.55859375 0.04296875 0.115625
3 0.1796875 0.559375 0.01953125 0.10859375
3 0.15390625 0.55390625 0.02578125 0.125
3 0.45078125 0.52734375 0.0234375 0.11953125
2 0.975 0.62890625 0.05 0.1140625
3 0.90546875 0.5640625 0.02734375 0.1109375
3 0.925 0.56484375 0.025 0.11640625
3 0.30234375 0.553125 0.02734375 0.12421875
3 0.3484375 0.54921875 0.0171875 0.1234375
3 0.42734375 0.54921875 0.02421875 0.12421875
3 0.98203125 0.56484375 0.02265625 0.11015625
3 0.56640625 0.5484375 0.02265625 0.128125
3 0.41640625 0.54921875 0.02734375 0.12578125