2 0.37109375 0.35625 0.03515625 0.0484375
2 0.55546875 0.3609375 0.03359375 0.04296875
2 0.60546875 0.34140625 0.0359375 0.071875
3 0.68125 0.365625 0.01171875 0.0640625
2 0.42734375 0.3390625 0.05 0.075
2 0.10546875 0.4234375 0.21015625 0.21328125
2 0.74375 0.38125 0.23828125 0.14453125
2 0.2046875 0.38203125 0.09140625 0.09453125
2 0.6125 0.3625 0.04375 0.05390625
2 0.28671875 0.3671875 0.06640625 0.0796875
3 0.9828125 0.3765625 0.03359375 0.12578125
2 0.41875 0.3703125 0.0671875 0.06640625
2 0.328125 0.34453125 0.05546875 0.09296875