3 0.71328125 0.43984375 0.0109375 0.06171875
1 0.8703125 0.4765625 0.0078125 0.05625
1 0.78046875 0.471875 0.00546875 0.0453125
1 0.7453125 0.46953125 0.00390625 0.040625
1 0.715625 0.46796875 0.00390625 0.03984375
1 0.6671875 0.465625 0.00390625 0.0359375
1 0.68984375 0.46640625 0.00390625 0.03828125
2 0.77109375 0.43828125 0.1015625 0.05859375
2 0.71328125 0.43046875 0.08046875 0.05546875
1 0.99453125 0.4875 0.0109375 0.06875
1 0.821875 0.47421875 0.0078125 0.046875
2 0.46875 0.44609375 0.02421875 0.03203125
2 0.55078125 0.440625 0.04140625 0.04609375
2 0.58828125 0.44296875 0.05 0.05078125
2 0.85546875 0.42109375 0.08515625 0.0640625
1 0.92734375 0.48125 0.009375 0.06171875