2 0.28203125 0.3296875 0.03984375 0.03671875
3 0.45078125 0.36484375 0.02265625 0.11875
3 0.50078125 0.33515625 0.00859375 0.05
0 0.3953125 0.396875 0.071875 0.078125
0 0.31796875 0.46171875 0.12265625 0.16953125
3 0.49921875 0.37109375 0.015625 0.08203125
3 0.5265625 0.328125 0.00703125 0.03984375
2 0.25234375 0.33515625 0.0375 0.03984375
3 0.4671875 0.371875 0.01796875 0.08984375
3 0.57734375 0.35 0.0171875 0.09453125
3 0.484375 0.3609375 0.02265625 0.1140625
3 0.56328125 0.35078125 0.01796875 0.09375
3 0.37734375 0.38671875 0.03671875 0.1859375
2 0.0890625 0.34140625 0.06328125 0.046875
2 0.0265625 0.34765625 0.05234375 0.06796875