2 0.76796875 0.2671875 0.07109375 0.08515625
3 0.48359375 0.31328125 0.01328125 0.071875
3 0.19375 0.43515625 0.0578125 0.3140625
3 0.0671875 0.41875 0.06953125 0.353125
2 0.11328125 0.3265625 0.2265625 0.1609375
2 0.078125 0.3921875 0.15546875 0.159375
2 0.82734375 0.2640625 0.10859375 0.103125
3 0.75703125 0.35 0.0453125 0.18984375
3 0.52109375 0.309375 0.01796875 0.06796875
4 0.7609375 0.36171875 0.13359375 0.15859375
1 0.27578125 0.5125 0.01484375 0.14609375
1 0.41015625 0.5265625 0.01640625 0.15
0 0.51875 0.32421875 0.02890625 0.04296875
1 0.109375 0.48203125 0.01640625 0.15859375
2 0.7046875 0.33046875 0.21640625 0.115625