1 0.60234375 0.490625 0.00546875 0.04609375
1 0.58515625 0.49609375 0.0046875 0.0453125
2 0.7671875 0.45078125 0.02578125 0.03359375
0 0.4375 0.51640625 0.04140625 0.065625
2 0.7890625 0.44921875 0.0375 0.0484375
2 0.8765625 0.44921875 0.04453125 0.04140625
3 0.54296875 0.47890625 0.01875 0.09375
3 0.31640625 0.51171875 0.03203125 0.065625
2 0.72265625 0.44609375 0.02109375 0.028125
2 0.13671875 0.5640625 0.2734375 0.215625
1 0.5625 0.5 0.00546875 0.046875
1 0.53671875 0.5046875 0.00390625 0.04921875
2 0.66875 0.44140625 0.03359375 0.084375
2 0.84296875 0.44296875 0.0625 0.08671875
2 0.8140625 0.45546875 0.04296875 0.0453125