3 0.7171875 0.26328125 0.03203125 0.18203125
3 0.7984375 0.21875 0.0140625 0.07578125
3 0.8109375 0.21953125 0.01640625 0.0734375
3 0.83125 0.221875 0.015625 0.071875
3 0.9015625 0.21640625 0.01796875 0.09453125
3 0.91171875 0.21640625 0.01484375 0.090625
3 0.46015625 0.2359375 0.01171875 0.0609375
3 0.49296875 0.23515625 0.01328125 0.06875
3 0.75546875 0.25625 0.034375 0.184375
3 0.85234375 0.2296875 0.02578125 0.12421875
3 0.87265625 0.23359375 0.02109375 0.11171875
3 0.9625 0.22109375 0.02265625 0.115625
3 0.9859375 0.21640625 0.028125 0.1203125
0 0.74921875 0.7015625 0.19296875 0.596875