3 0.38984375 0.2015625 0.01875 0.084375
3 0.41484375 0.203125 0.01484375 0.08046875
2 0.33359375 0.2015625 0.07734375 0.0984375
1 0.39765625 0.35 0.03828125 0.10703125
3 0.403125 0.20390625 0.01484375 0.07890625
3 0.4796875 0.21171875 0.0203125 0.09140625
3 0.571875 0.215625 0.0203125 0.11640625
2 0.4640625 0.17734375 0.03515625 0.0734375
2 0.1859375 0.228125 0.146875 0.14609375
2 0.05859375 0.23828125 0.11640625 0.1796875
2 0.18671875 0.65078125 0.3734375 0.6953125
3 0.5578125 0.22578125 0.01953125 0.1046875
3 0.5640625 0.228125 0.02109375 0.10859375
2 0.525 0.2234375 0.05390625 0.08828125
1 0.3625 0.3984375 0.040625 0.1359375