2 0.3828125 0.315625 0.18515625 0.11796875
2 0.2984375 0.34296875 0.1890625 0.16015625
3 0.19140625 0.49609375 0.12734375 0.65390625
3 0.4984375 0.32265625 0.03125 0.1546875
3 0.83203125 0.36875 0.1015625 0.45078125
1 0.46953125 0.3953125 0.00859375 0.096875
1 0.3546875 0.38671875 0.0140625 0.0984375
3 0.69296875 0.359375 0.06015625 0.35546875
2 0.76328125 0.346875 0.240625 0.1640625
4 0.58984375 0.446875 0.06484375 0.3734375
3 0.27734375 0.50078125 0.13359375 0.703125
3 0.96015625 0.40625 0.0796875 0.45625
3 0.53984375 0.32109375 0.03125 0.1515625
3 0.5203125 0.3609375 0.02109375 0.0765625
4 0.64921875 0.5578125 0.33046875 0.55625
3 0.91875 0.37890625 0.07109375 0.3640625