3 0.40390625 0.303125 0.0203125 0.1015625
3 0.47421875 0.40390625 0.03671875 0.11171875
1 0.84609375 0.39375 0.03515625 0.0515625
3 0.3921875 0.30546875 0.0265625 0.0984375
3 0.11875 0.315625 0.01484375 0.06875
1 0.84375 0.665625 0.09453125 0.1703125
3 0.09140625 0.3203125 0.01953125 0.11640625
3 0.08828125 0.34453125 0.015625 0.071875
1 0.5421875 0.896875 0.10703125 0.20625
1 0.0234375 0.746875 0.046875 0.1953125
3 0.525 0.3234375 0.02578125 0.15390625
3 0.3109375 0.34609375 0.04296875 0.240625
3 0.06875 0.32890625 0.0265625 0.11015625
1 0.69765625 0.84453125 0.14921875 0.26484375
1 0.80546875 0.721875 0.0765625 0.19609375
3 0.19375 0.32109375 0.02265625 0.09921875
1 0.16640625 0.48828125 0.0390625 0.08046875
1 0.10234375 0.5046875 0.040625 0.0859375
3 0.21484375 0.31796875 0.02734375 0.0984375
1 0.0828125 0.825 0.1390625 0.23515625
1 0.21171875 0.85703125 0.1 0.2515625
3 0.0546875 0.3515625 0.0171875 0.071875