1 0.95625 0.44921875 0.03046875 0.05859375
1 0.9359375 0.48671875 0.03359375 0.071875
1 0.8609375 0.43515625 0.0375 0.05
1 0.57734375 0.540625 0.0359375 0.08984375
3 0.98828125 0.32578125 0.02265625 0.1296875
3 0.871875 0.3515625 0.021875 0.153125
3 0.13046875 0.37890625 0.03515625 0.20703125
3 0.1171875 0.440625 0.02265625 0.11796875
1 0.39375 0.5703125 0.05859375 0.09609375
1 0.478125 0.559375 0.0546875 0.09140625
1 0.775 0.51171875 0.0546875 0.07578125
1 0.86328125 0.50078125 0.05390625 0.0734375
1 0.9171875 0.4453125 0.04140625 0.05390625
1 0.659375 0.5328125 0.04609375 0.0796875
3 0.62421875 0.35 0.01953125 0.14140625
3 0.4046875 0.33671875 0.0234375 0.10390625
3 0.39296875 0.35 0.01796875 0.0765625
3 0.32890625 0.3328125 0.0109375 0.06015625
3 0.31328125 0.3359375 0.01328125 0.0609375
3 0.37890625 0.346875 0.01640625 0.08515625
3 0.1578125 0.34609375 0.0171875 0.12109375
4 0.15234375 0.578125 0.3046875 0.4734375
1 0.3046875 0.58203125 0.04296875 0.10625