3 0.4953125 0.265625 0.0375 0.203125
1 0.20390625 0.39609375 0.02578125 0.16953125
1 0.7484375 0.36875 0.01171875 0.103125
1 0.4046875 0.25390625 0.00703125 0.06328125
3 0.54609375 0.25859375 0.03359375 0.184375
3 0.4578125 0.2 0.02109375 0.1203125
3 0.40703125 0.190625 0.02109375 0.1203125
3 0.38671875 0.196875 0.02890625 0.109375
3 0.34921875 0.19296875 0.0265625 0.1296875
3 0.68515625 0.42578125 0.1078125 0.73828125
1 0.4 0.40859375 0.01484375 0.15546875
1 0.58046875 0.41015625 0.01484375 0.1546875
2 0.82265625 0.315625 0.3546875 0.228125
3 0.51875 0.24375 0.0296875 0.203125
3 0.46015625 0.26953125 0.0390625 0.19296875
4 0.828125 0.69765625 0.340625 0.6046875
2 0.1375 0.31484375 0.275 0.2671875