3 0.39765625 0.39609375 0.01171875 0.05859375
3 0.28828125 0.39375 0.01015625 0.05078125
3 0.2953125 0.3890625 0.0109375 0.05859375
3 0.75390625 0.48359375 0.07421875 0.359375
3 0.10390625 0.41328125 0.015625 0.071875
3 0.11484375 0.4109375 0.02109375 0.07421875
3 0.14765625 0.4140625 0.02109375 0.05546875
3 0.20234375 0.4015625 0.0203125 0.07578125
3 0.21875 0.3984375 0.01953125 0.0796875
3 0.24453125 0.39375 0.01640625 0.0703125
3 0.26171875 0.39140625 0.01328125 0.0734375
3 0.41171875 0.41015625 0.01796875 0.08984375
3 0.7375 0.50390625 0.08984375 0.3484375
3 0.43359375 0.440625 0.03515625 0.171875
3 0.46484375 0.4375 0.0359375 0.17421875
3 0.18359375 0.4140625 0.01953125 0.1390625