1 0.48046875 0.28203125 0.00546875 0.0640625
1 0.534375 0.29140625 0.00546875 0.06796875
1 0.58515625 0.29609375 0.00703125 0.07109375
1 0.6453125 0.303125 0.00625 0.06953125
1 0.703125 0.30703125 0.00703125 0.0703125
1 0.78515625 0.3765625 0.03046875 0.2
1 0.615625 0.35546875 0.021875 0.190625
1 0.4671875 0.34375 0.01640625 0.18984375
1 0.3140625 0.31484375 0.01171875 0.171875
1 0.440625 0.3046875 0.009375 0.0703125
1 0.76640625 0.3109375 0.00703125 0.0703125
1 0.26875 0.2859375 0.00859375 0.06875
1 0.35234375 0.29609375 0.0109375 0.06953125