1 0.6625 0.35390625 0.01328125 0.1140625
1 0.565625 0.34375 0.0140625 0.11640625
1 0.94453125 0.4015625 0.021875 0.13515625
1 0.7734375 0.37421875 0.01484375 0.121875
1 0.38515625 0.3140625 0.00859375 0.10390625
1 0.478125 0.33515625 0.0109375 0.11015625
1 0.44375 0.3140625 0.0046875 0.0515625
1 0.5140625 0.30625 0.0046875 0.06015625
1 0.55390625 0.3109375 0.0046875 0.05703125
1 0.6015625 0.31640625 0.0046875 0.05390625
1 0.64765625 0.321875 0.00546875 0.059375
1 0.696875 0.32421875 0.00859375 0.05625