1 0.40078125 0.3234375 0.0078125 0.09296875
1 0.48359375 0.33515625 0.00703125 0.09453125
1 0.56171875 0.34296875 0.01015625 0.09921875
1 0.646875 0.34921875 0.01171875 0.103125
1 0.74375 0.3609375 0.0125 0.11015625
1 0.8890625 0.3796875 0.01953125 0.11796875
1 0.45 0.32265625 0.00703125 0.04921875
1 0.38671875 0.31640625 0.0046875 0.04921875
1 0.59765625 0.321875 0.0046875 0.05078125
1 0.51484375 0.31171875 0.00390625 0.053125
1 0.553125 0.3140625 0.00390625 0.05
1 0.47265625 0.30859375 0.00546875 0.053125
1 0.6890625 0.32578125 0.00390625 0.0453125